SEASON_ID,PLAYER_ID,PLAYER_NAME,TEAM_ID,TEAM_ABBREVIATION,TEAM_NAME,PLAY_TYPE,TYPE_GROUPING,PERCENTILE,GP,POSS_PCT,PPP,FG_PCT,FT_POSS_PCT,TOV_POSS_PCT,SF_POSS_PCT,PLUSONE_POSS_PCT,SCORE_POSS_PCT,EFG_PCT,POSS,PTS,FGM,FGA,FGMX
22021,1629027,Trae Young,1610612737,ATL,Atlanta Hawks,PRBallHandler,Offensive,0.801,76,0.513,0.967,0.447,0.101,0.152,0.055,0.011,0.428,0.522,14.0,13.6,4.7,10.6,5.9
22021,201942,DeMar DeRozan,1610612741,CHI,Chicago Bulls,PRBallHandler,Offensive,0.875,76,0.416,1.028,0.508,0.15,0.098,0.142,0.028,0.514,0.509,10.7,11.0,4.3,8.4,4.1
22021,1628378,Donovan Mitchell,1610612762,UTA,Utah Jazz,PRBallHandler,Offensive,0.878,67,0.475,1.032,0.461,0.104,0.115,0.093,0.03,0.445,0.538,12.0,12.4,4.5,9.7,5.3
22021,1629029,Luka Dončić,1610612742,DAL,Dallas Mavericks,PRBallHandler,Offensive,0.72,65,0.443,0.925,0.439,0.139,0.152,0.124,0.03,0.424,0.51,13.0,12.0,4.2,9.6,5.4
22021,1629630,Ja Morant,1610612763,MEM,Memphis Grizzlies,PRBallHandler,Offensive,0.708,57,0.453,0.921,0.476,0.125,0.137,0.11,0.023,0.455,0.495,12.4,11.4,4.5,9.4,4.9
22021,1627749,Dejounte Murray,1610612759,SAS,San Antonio Spurs,PRBallHandler,Offensive,0.592,68,0.467,0.875,0.459,0.075,0.129,0.07,0.023,0.423,0.475,10.5,9.1,3.9,8.6,4.6
22021,1629636,Darius Garland,1610612739,CLE,Cleveland Cavaliers,PRBallHandler,Offensive,0.679,68,0.416,0.904,0.468,0.068,0.182,0.061,0.019,0.409,0.524,9.2,8.4,3.3,7.1,3.8
22021,101108,Chris Paul,1610612756,PHX,Phoenix Suns,PRBallHandler,Offensive,0.833,65,0.572,0.993,0.529,0.086,0.149,0.031,0.009,0.485,0.551,8.6,8.5,3.5,6.6,3.1
22021,1628368,De'Aaron Fox,1610612758,SAC,Sacramento Kings,PRBallHandler,Offensive,0.661,59,0.416,0.897,0.448,0.118,0.12,0.116,0.032,0.434,0.472,9.9,8.9,3.5,7.9,4.3
22021,202704,Reggie Jackson,1610612746,LAC,LA Clippers,PRBallHandler,Offensive,0.586,75,0.401,0.874,0.426,0.053,0.13,0.048,0.01,0.394,0.48,7.8,6.8,2.7,6.5,3.7
22021,203897,Zach LaVine,1610612741,CHI,Chicago Bulls,PRBallHandler,Offensive,0.783,67,0.338,0.959,0.43,0.102,0.125,0.078,0.012,0.425,0.508,7.6,7.3,2.6,6.0,3.4
22021,1628983,Shai Gilgeous-Alexander,1610612760,OKC,Oklahoma City Thunder,PRBallHandler,Offensive,0.658,56,0.39,0.896,0.433,0.109,0.128,0.087,0.013,0.43,0.467,9.6,8.6,3.2,7.5,4.2
22021,1626164,Devin Booker,1610612756,PHX,Phoenix Suns,PRBallHandler,Offensive,0.83,68,0.277,0.99,0.463,0.089,0.108,0.075,0.019,0.449,0.51,7.1,7.0,2.7,5.8,3.1
22021,201144,Mike Conley,1610612762,UTA,Utah Jazz,PRBallHandler,Offensive,0.786,72,0.503,0.961,0.438,0.071,0.128,0.063,0.014,0.412,0.527,6.8,6.6,2.4,5.6,3.1
22021,1630163,LaMelo Ball,1610612766,CHA,Charlotte Hornets,PRBallHandler,Offensive,0.351,75,0.357,0.788,0.407,0.047,0.175,0.042,0.012,0.356,0.452,7.6,6.0,2.4,6.0,3.6
22021,1630178,Tyrese Maxey,1610612755,PHI,Philadelphia 76ers,PRBallHandler,Offensive,0.851,75,0.373,1.016,0.468,0.096,0.077,0.093,0.032,0.465,0.511,5.9,5.9,2.3,5.0,2.7
22021,1627832,Fred VanVleet,1610612761,TOR,Toronto Raptors,PRBallHandler,Offensive,0.732,65,0.349,0.928,0.408,0.083,0.14,0.062,0.008,0.395,0.492,7.2,6.7,2.3,5.7,3.4
22021,201939,Stephen Curry,1610612744,GSW,Golden State Warriors,PRBallHandler,Offensive,0.857,64,0.274,1.019,0.435,0.088,0.16,0.079,0.021,0.403,0.552,6.5,6.7,2.2,5.1,2.9
22021,1628369,Jayson Tatum,1610612738,BOS,Boston Celtics,PRBallHandler,Offensive,0.771,76,0.223,0.952,0.452,0.08,0.157,0.061,0.011,0.416,0.532,5.8,5.5,2.0,4.5,2.5
22021,1628973,Jalen Brunson,1610612742,DAL,Dallas Mavericks,PRBallHandler,Offensive,0.908,79,0.324,1.056,0.527,0.092,0.092,0.076,0.018,0.511,0.543,5.0,5.3,2.2,4.2,2.0
22021,1630595,Cade Cunningham,1610612765,DET,Detroit Pistons,PRBallHandler,Offensive,0.458,64,0.372,0.821,0.446,0.058,0.195,0.042,0.018,0.38,0.48,7.8,6.4,2.7,6.0,3.3
22021,1629639,Tyler Herro,1610612748,MIA,Miami Heat,PRBallHandler,Offensive,0.613,66,0.328,0.879,0.415,0.09,0.143,0.079,0.018,0.397,0.462,6.9,6.1,2.2,5.4,3.2
22021,1626156,D'Angelo Russell,1610612750,MIN,Minnesota Timberwolves,PRBallHandler,Offensive,0.729,65,0.344,0.928,0.419,0.133,0.136,0.077,0.016,0.43,0.48,6.6,6.1,2.1,4.9,2.9
22021,201950,Jrue Holiday,1610612749,MIL,Milwaukee Bucks,PRBallHandler,Offensive,0.839,67,0.326,0.997,0.505,0.071,0.157,0.063,0.01,0.452,0.571,5.9,5.9,2.3,4.6,2.3
22021,1630175,Cole Anthony,1610612753,ORL,Orlando Magic,PRBallHandler,Offensive,0.423,66,0.385,0.814,0.398,0.09,0.188,0.079,0.015,0.368,0.45,6.9,5.6,2.0,5.1,3.1
22021,201566,Russell Westbrook,1610612747,LAL,Los Angeles Lakers,PRBallHandler,Offensive,0.47,78,0.262,0.828,0.443,0.094,0.181,0.087,0.022,0.396,0.475,5.7,4.7,1.9,4.3,2.4
22021,203903,Jordan Clarkson,1610612762,UTA,Utah Jazz,PRBallHandler,Offensive,0.827,79,0.279,0.989,0.466,0.069,0.124,0.058,0.03,0.426,0.536,4.6,4.6,1.8,3.9,2.1
22021,1629014,Anfernee Simons,1610612757,POR,Portland Trail Blazers,PRBallHandler,Offensive,0.881,57,0.358,1.035,0.467,0.061,0.114,0.053,0.015,0.439,0.556,6.0,6.2,2.4,5.0,2.7
22021,1630558,Davion Mitchell,1610612758,SAC,Sacramento Kings,PRBallHandler,Offensive,0.682,75,0.392,0.908,0.462,0.036,0.121,0.028,0.01,0.415,0.506,5.2,4.7,2.1,4.4,2.4
22021,1630162,Anthony Edwards,1610612750,MIN,Minnesota Timberwolves,PRBallHandler,Offensive,0.53,72,0.267,0.852,0.389,0.097,0.14,0.085,0.022,0.38,0.458,5.7,4.9,1.8,4.5,2.8
22021,1629645,Kevin Porter Jr.,1610612745,HOU,Houston Rockets,PRBallHandler,Offensive,0.432,61,0.39,0.817,0.398,0.081,0.195,0.064,0.021,0.349,0.486,6.9,5.6,2.0,5.1,3.1
22021,1629673,Jordan Poole,1610612744,GSW,Golden State Warriors,PRBallHandler,Offensive,0.847,76,0.238,1.0,0.474,0.115,0.193,0.09,0.034,0.425,0.562,4.2,4.2,1.5,3.1,1.6
22021,203114,Khris Middleton,1610612749,MIL,Milwaukee Bucks,PRBallHandler,Offensive,0.717,66,0.251,0.924,0.446,0.091,0.193,0.082,0.015,0.402,0.519,5.0,4.6,1.6,3.7,2.0
22021,1629628,RJ Barrett,1610612752,NYK,New York Knicks,PRBallHandler,Offensive,0.295,70,0.263,0.751,0.356,0.129,0.132,0.114,0.022,0.373,0.376,5.7,4.3,1.6,4.4,2.8
22021,1630193,Immanuel Quickley,1610612752,NYK,New York Knicks,PRBallHandler,Offensive,0.78,78,0.347,0.959,0.399,0.111,0.102,0.105,0.035,0.401,0.483,4.0,3.9,1.3,3.3,2.0
22021,1630169,Tyrese Haliburton,1610612758,SAC,Sacramento Kings,PRBallHandler,Offensive,0.524,51,0.474,0.849,0.423,0.066,0.151,0.063,0.014,0.387,0.473,6.9,5.8,2.3,5.5,3.2
22021,1627763,Malcolm Brogdon,1610612754,IND,Indiana Pacers,PRBallHandler,Offensive,0.872,36,0.419,1.024,0.478,0.118,0.097,0.087,0.014,0.483,0.522,8.0,8.2,3.1,6.4,3.3
22021,1627747,Caris LeVert,1610612754,IND,Indiana Pacers,PRBallHandler,Offensive,0.792,39,0.399,0.964,0.472,0.112,0.106,0.106,0.03,0.452,0.508,7.8,7.5,3.0,6.3,3.3
22021,1626166,Cameron Payne,1610612756,PHX,Phoenix Suns,PRBallHandler,Offensive,0.503,58,0.479,0.839,0.418,0.066,0.118,0.063,0.012,0.401,0.443,6.0,5.0,2.1,4.9,2.9
22021,1627742,Brandon Ingram,1610612740,NOP,New Orleans Pelicans,PRBallHandler,Offensive,0.723,55,0.246,0.926,0.498,0.109,0.148,0.103,0.032,0.46,0.502,5.7,5.2,2.2,4.4,2.2
22021,202692,Alec Burks,1610612752,NYK,New York Knicks,PRBallHandler,Offensive,0.713,81,0.337,0.923,0.352,0.151,0.077,0.141,0.022,0.401,0.435,3.9,3.6,1.1,3.0,2.0
22021,1630224,Jalen Green,1610612745,HOU,Houston Rockets,PRBallHandler,Offensive,0.417,67,0.292,0.809,0.376,0.081,0.156,0.069,0.009,0.358,0.447,5.2,4.2,1.5,4.0,2.5
22021,201935,James Harden,1610612751,BKN,Brooklyn Nets,PRBallHandler,Offensive,0.479,44,0.318,0.83,0.418,0.158,0.283,0.158,0.039,0.369,0.485,7.6,6.3,1.9,4.6,2.7
22021,203078,Bradley Beal,1610612764,WAS,Washington Wizards,PRBallHandler,Offensive,0.402,40,0.351,0.802,0.418,0.086,0.175,0.086,0.014,0.385,0.446,8.7,7.0,2.7,6.5,3.8
22021,203081,Damian Lillard,1610612757,POR,Portland Trail Blazers,PRBallHandler,Offensive,0.762,29,0.41,0.945,0.395,0.113,0.099,0.086,0.014,0.414,0.476,10.1,9.5,3.2,8.0,4.9
22021,1630532,Franz Wagner,1610612753,ORL,Orlando Magic,PRBallHandler,Offensive,0.521,79,0.26,0.848,0.395,0.104,0.126,0.094,0.016,0.398,0.432,3.9,3.3,1.2,3.1,1.9
22021,201142,Kevin Durant,1610612751,BKN,Brooklyn Nets,PRBallHandler,Offensive,0.893,55,0.165,1.045,0.473,0.131,0.135,0.115,0.012,0.471,0.536,4.4,4.6,1.6,3.3,1.7
22021,2544,LeBron James,1610612747,LAL,Los Angeles Lakers,PRBallHandler,Offensive,0.726,56,0.176,0.926,0.42,0.103,0.158,0.099,0.022,0.393,0.505,4.9,4.5,1.6,3.7,2.1
22021,202331,Paul George,1610612746,LAC,LA Clippers,PRBallHandler,Offensive,0.482,31,0.358,0.831,0.403,0.092,0.186,0.088,0.027,0.366,0.457,9.5,7.9,2.9,7.1,4.3
22021,203915,Spencer Dinwiddie,1610612764,WAS,Washington Wizards,PRBallHandler,Offensive,0.696,44,0.425,0.917,0.416,0.124,0.139,0.113,0.023,0.414,0.468,6.0,5.5,1.9,4.6,2.7
22021,1629018,Gary Trent Jr.,1610612761,TOR,Toronto Raptors,PRBallHandler,Offensive,0.573,70,0.226,0.871,0.378,0.068,0.043,0.065,0.011,0.398,0.426,4.0,3.5,1.4,3.6,2.2
22021,203468,CJ McCollum,1610612757,POR,Portland Trail Blazers,PRBallHandler,Offensive,0.863,36,0.311,1.021,0.469,0.046,0.097,0.042,0.017,0.435,0.553,6.6,6.7,2.7,5.8,3.1
22021,1628984,Devonte' Graham,1610612740,NOP,New Orleans Pelicans,PRBallHandler,Offensive,0.342,76,0.316,0.785,0.329,0.094,0.14,0.075,0.016,0.336,0.4,4.0,3.2,1.0,3.2,2.1
22021,203471,Dennis Schröder,1610612738,BOS,Boston Celtics,PRBallHandler,Offensive,0.634,49,0.357,0.888,0.468,0.086,0.175,0.067,0.026,0.418,0.5,5.5,4.9,2.0,4.2,2.2
22021,200768,Kyle Lowry,1610612748,MIA,Miami Heat,PRBallHandler,Offensive,0.768,63,0.282,0.951,0.429,0.138,0.171,0.106,0.02,0.423,0.509,3.9,3.7,1.2,2.8,1.6
22021,202710,Jimmy Butler III,1610612748,MIA,Miami Heat,PRBallHandler,Offensive,0.705,58,0.219,0.92,0.429,0.2,0.136,0.18,0.016,0.468,0.432,4.3,4.0,1.3,2.9,1.7
22021,1630544,Tre Mann,1610612760,OKC,Oklahoma City Thunder,PRBallHandler,Offensive,0.408,60,0.401,0.803,0.391,0.043,0.14,0.043,0.018,0.348,0.457,4.7,3.7,1.5,3.9,2.4
22021,1627759,Jaylen Brown,1610612738,BOS,Boston Celtics,PRBallHandler,Offensive,0.652,66,0.162,0.895,0.447,0.081,0.162,0.069,0.004,0.409,0.508,3.7,3.3,1.3,2.8,1.6
22021,202689,Kemba Walker,1610612752,NYK,New York Knicks,PRBallHandler,Offensive,0.798,37,0.506,0.964,0.418,0.071,0.107,0.062,0.018,0.404,0.505,6.1,5.9,2.1,5.1,3.0
22021,203526,Raul Neto,1610612764,WAS,Washington Wizards,PRBallHandler,Offensive,0.777,70,0.397,0.956,0.5,0.093,0.151,0.076,0.018,0.462,0.534,3.2,3.1,1.2,2.5,1.2
22021,202699,Tobias Harris,1610612755,PHI,Philadelphia 76ers,PRBallHandler,Offensive,0.905,73,0.165,1.055,0.517,0.09,0.07,0.085,0.025,0.512,0.534,2.8,2.9,1.2,2.4,1.2
22021,1628401,Derrick White,1610612759,SAS,San Antonio Spurs,PRBallHandler,Offensive,0.747,49,0.312,0.938,0.457,0.106,0.137,0.097,0.018,0.438,0.497,4.6,4.3,1.6,3.6,1.9
22021,203552,Seth Curry,1610612755,PHI,Philadelphia 76ers,PRBallHandler,Offensive,0.824,45,0.335,0.986,0.48,0.042,0.127,0.028,0.014,0.434,0.545,4.7,4.6,1.9,4.0,2.1
22021,202681,Kyrie Irving,1610612751,BKN,Brooklyn Nets,PRBallHandler,Offensive,0.815,29,0.29,0.977,0.458,0.061,0.117,0.056,0.019,0.427,0.52,7.3,7.2,2.8,6.2,3.3
22021,1628420,Monté Morris,1610612743,DEN,Denver Nuggets,PRBallHandler,Offensive,0.619,75,0.263,0.88,0.456,0.021,0.103,0.021,0.009,0.416,0.478,3.1,2.7,1.3,2.7,1.5
22021,1630581,Josh Giddey,1610612760,OKC,Oklahoma City Thunder,PRBallHandler,Offensive,0.179,54,0.354,0.65,0.391,0.042,0.241,0.039,0.006,0.318,0.404,5.8,3.7,1.6,4.2,2.5
22021,1629022,Lonnie Walker IV,1610612759,SAS,San Antonio Spurs,PRBallHandler,Offensive,0.75,70,0.236,0.939,0.423,0.103,0.056,0.103,0.014,0.451,0.451,3.0,2.9,1.1,2.6,1.5
22021,1630169,Tyrese Haliburton,1610612754,IND,Indiana Pacers,PRBallHandler,Offensive,0.836,26,0.452,0.995,0.5,0.11,0.185,0.1,0.02,0.45,0.569,7.7,7.7,2.8,5.5,2.8
22021,1626179,Terry Rozier,1610612766,CHA,Charlotte Hornets,PRBallHandler,Offensive,0.515,73,0.177,0.842,0.401,0.077,0.115,0.068,0.034,0.38,0.437,3.2,2.7,1.1,2.7,1.6
22021,203095,Evan Fournier,1610612752,NYK,New York Knicks,PRBallHandler,Offensive,0.557,80,0.203,0.867,0.39,0.058,0.129,0.049,0.018,0.364,0.476,2.8,2.4,0.9,2.3,1.4
22021,1626145,Tyus Jones,1610612763,MEM,Memphis Grizzlies,PRBallHandler,Offensive,0.44,73,0.379,0.819,0.435,0.03,0.114,0.03,0.017,0.392,0.449,3.2,2.7,1.2,2.8,1.6
22021,203115,Will Barton,1610612743,DEN,Denver Nuggets,PRBallHandler,Offensive,0.387,71,0.219,0.797,0.405,0.046,0.165,0.042,0.013,0.359,0.45,3.3,2.7,1.1,2.7,1.6
22021,202362,Lance Stephenson,1610612754,IND,Indiana Pacers,PRBallHandler,Offensive,0.64,40,0.487,0.891,0.503,0.1,0.209,0.1,0.02,0.438,0.524,5.0,4.5,1.8,3.6,1.8
22021,201569,Eric Gordon,1610612745,HOU,Houston Rockets,PRBallHandler,Offensive,0.506,57,0.29,0.839,0.448,0.095,0.246,0.09,0.019,0.379,0.517,3.7,3.1,1.1,2.5,1.4
22021,1627783,Pascal Siakam,1610612761,TOR,Toronto Raptors,PRBallHandler,Offensive,0.622,68,0.128,0.88,0.456,0.095,0.115,0.095,0.01,0.45,0.463,2.9,2.6,1.1,2.4,1.3
22021,203952,Andrew Wiggins,1610612744,GSW,Golden State Warriors,PRBallHandler,Offensive,0.607,73,0.163,0.876,0.451,0.08,0.134,0.075,0.03,0.418,0.479,2.8,2.4,1.0,2.2,1.2
22021,1629638,Nickeil Alexander-Walker,1610612740,NOP,New Orleans Pelicans,PRBallHandler,Offensive,0.39,50,0.275,0.798,0.424,0.077,0.173,0.072,0.01,0.389,0.449,4.2,3.3,1.3,3.2,1.8
22021,203468,CJ McCollum,1610612740,NOP,New Orleans Pelicans,PRBallHandler,Offensive,0.5,26,0.319,0.837,0.405,0.074,0.137,0.058,0.016,0.379,0.454,7.3,6.1,2.4,5.9,3.5
22021,201937,Ricky Rubio,1610612739,CLE,Cleveland Cavaliers,PRBallHandler,Offensive,0.348,34,0.369,0.786,0.392,0.065,0.179,0.06,0.005,0.358,0.438,5.9,4.6,1.8,4.5,2.7
22021,1629632,Coby White,1610612741,CHI,Chicago Bulls,PRBallHandler,Offensive,0.631,61,0.235,0.887,0.438,0.068,0.124,0.062,0.006,0.418,0.465,2.9,2.6,1.0,2.4,1.3
22021,1628370,Malik Monk,1610612747,LAL,Los Angeles Lakers,PRBallHandler,Offensive,0.628,76,0.177,0.886,0.449,0.057,0.176,0.057,0.017,0.386,0.514,2.3,2.1,0.8,1.8,1.0
22021,101150,Lou Williams,1610612737,ATL,Atlanta Hawks,PRBallHandler,Offensive,0.753,56,0.412,0.939,0.437,0.116,0.134,0.085,0.018,0.433,0.468,2.9,2.8,1.0,2.3,1.3
22021,203082,Terrence Ross,1610612753,ORL,Orlando Magic,PRBallHandler,Offensive,0.488,63,0.272,0.832,0.381,0.087,0.12,0.071,0.005,0.386,0.429,2.9,2.4,0.9,2.3,1.4
22021,1628970,Miles Bridges,1610612766,CHA,Charlotte Hornets,PRBallHandler,Offensive,0.86,80,0.098,1.02,0.509,0.108,0.135,0.095,0.014,0.48,0.553,1.9,1.9,0.7,1.4,0.7
22021,1629652,Luguentz Dort,1610612760,OKC,Oklahoma City Thunder,PRBallHandler,Offensive,0.702,51,0.18,0.92,0.386,0.117,0.105,0.099,0.006,0.414,0.453,3.2,2.9,1.0,2.5,1.5
22021,203992,Bogdan Bogdanović,1610612737,ATL,Atlanta Hawks,PRBallHandler,Offensive,0.464,63,0.196,0.827,0.392,0.039,0.101,0.034,0.0,0.374,0.448,2.8,2.3,1.0,2.4,1.5
22021,1630538,Bones Hyland,1610612743,DEN,Denver Nuggets,PRBallHandler,Offensive,0.455,69,0.253,0.821,0.364,0.067,0.156,0.045,0.006,0.346,0.45,2.6,2.1,0.7,2.0,1.3
22021,1629216,Gabe Vincent,1610612748,MIA,Miami Heat,PRBallHandler,Offensive,0.324,68,0.288,0.776,0.403,0.044,0.202,0.038,0.005,0.344,0.471,2.7,2.1,0.8,2.0,1.2
22021,1629659,Talen Horton-Tucker,1610612747,LAL,Los Angeles Lakers,PRBallHandler,Offensive,0.676,60,0.23,0.904,0.475,0.083,0.16,0.077,0.0,0.442,0.504,2.6,2.4,0.9,2.0,1.0
22021,1628989,Kevin Huerter,1610612737,ATL,Atlanta Hawks,PRBallHandler,Offensive,0.443,74,0.197,0.82,0.413,0.035,0.14,0.035,0.006,0.372,0.455,2.3,1.9,0.8,1.9,1.1
22021,1630217,Desmond Bane,1610612763,MEM,Memphis Grizzlies,PRBallHandler,Offensive,0.316,76,0.145,0.77,0.386,0.033,0.12,0.033,0.016,0.35,0.421,2.4,1.9,0.8,2.1,1.3
22021,1630591,Jalen Suggs,1610612753,ORL,Orlando Magic,PRBallHandler,Offensive,0.131,48,0.295,0.618,0.311,0.107,0.231,0.098,0.018,0.298,0.341,4.7,2.9,1.0,3.1,2.2
22021,203935,Marcus Smart,1610612738,BOS,Boston Celtics,PRBallHandler,Offensive,0.226,71,0.2,0.703,0.388,0.125,0.229,0.104,0.031,0.344,0.407,2.7,1.9,0.7,1.8,1.1
22021,1630560,Cam Thomas,1610612751,BKN,Brooklyn Nets,PRBallHandler,Offensive,0.625,67,0.252,0.882,0.427,0.105,0.112,0.099,0.033,0.421,0.435,2.3,2.0,0.8,1.9,1.1
22021,202709,Cory Joseph,1610612765,DET,Detroit Pistons,PRBallHandler,Offensive,0.381,65,0.317,0.796,0.421,0.096,0.204,0.066,0.024,0.377,0.45,2.6,2.0,0.8,1.9,1.1
22021,202397,Ish Smith,1610612764,WAS,Washington Wizards,PRBallHandler,Offensive,0.58,28,0.517,0.873,0.492,0.013,0.127,0.013,0.007,0.433,0.5,5.4,4.7,2.3,4.6,2.4
22021,1629003,Shake Milton,1610612755,PHI,Philadelphia 76ers,PRBallHandler,Offensive,0.563,55,0.319,0.868,0.435,0.086,0.126,0.073,0.033,0.411,0.456,2.7,2.4,1.0,2.3,1.3
22021,1629611,Terance Mann,1610612746,LAC,LA Clippers,PRBallHandler,Offensive,0.821,81,0.155,0.985,0.442,0.114,0.061,0.098,0.03,0.447,0.482,1.6,1.6,0.6,1.4,0.8
22021,1628398,Kyle Kuzma,1610612764,WAS,Washington Wizards,PRBallHandler,Offensive,0.446,66,0.13,0.821,0.413,0.115,0.147,0.115,0.038,0.397,0.434,2.4,1.9,0.8,1.8,1.1
22021,1630165,Killian Hayes,1610612765,DET,Detroit Pistons,PRBallHandler,Offensive,0.277,66,0.284,0.737,0.427,0.064,0.228,0.058,0.018,0.357,0.444,2.6,1.9,0.8,1.9,1.1
22021,1629669,Jaylen Nowell,1610612750,MIN,Minnesota Timberwolves,PRBallHandler,Offensive,0.914,62,0.243,1.059,0.454,0.119,0.068,0.102,0.008,0.483,0.531,1.9,2.0,0.7,1.6,0.9
22021,1630528,Josh Christopher,1610612745,HOU,Houston Rockets,PRBallHandler,Offensive,0.589,74,0.214,0.874,0.465,0.126,0.189,0.084,0.007,0.427,0.505,1.9,1.7,0.6,1.3,0.7
22021,1629640,Keldon Johnson,1610612759,SAS,San Antonio Spurs,PRBallHandler,Offensive,0.509,75,0.124,0.839,0.407,0.134,0.121,0.121,0.047,0.403,0.428,2.0,1.7,0.6,1.6,0.9
22021,1630537,Chris Duarte,1610612754,IND,Indiana Pacers,PRBallHandler,Offensive,0.551,55,0.19,0.861,0.411,0.09,0.167,0.083,0.035,0.375,0.478,2.6,2.3,0.8,2.0,1.2
22021,1630180,Saddiq Bey,1610612765,DET,Detroit Pistons,PRBallHandler,Offensive,0.518,82,0.109,0.844,0.382,0.116,0.15,0.109,0.014,0.388,0.432,1.8,1.5,0.5,1.3,0.8
22021,1630200,Tre Jones,1610612759,SAS,San Antonio Spurs,PRBallHandler,Offensive,0.673,69,0.318,0.903,0.505,0.104,0.134,0.097,0.022,0.463,0.505,1.9,1.8,0.8,1.5,0.8
22021,201976,Patrick Beverley,1610612750,MIN,Minnesota Timberwolves,PRBallHandler,Offensive,0.491,59,0.251,0.832,0.423,0.14,0.147,0.105,0.014,0.427,0.447,2.4,2.0,0.7,1.8,1.0
22021,1626181,Norman Powell,1610612757,POR,Portland Trail Blazers,PRBallHandler,Offensive,0.741,40,0.18,0.935,0.389,0.21,0.105,0.177,0.04,0.452,0.422,3.1,2.9,0.9,2.3,1.4
22021,202339,Eric Bledsoe,1610612746,LAC,LA Clippers,PRBallHandler,Offensive,0.167,54,0.287,0.644,0.394,0.061,0.261,0.061,0.028,0.306,0.406,3.3,2.1,0.9,2.4,1.4
22021,1628415,Dillon Brooks,1610612763,MEM,Memphis Grizzlies,PRBallHandler,Offensive,0.426,33,0.226,0.814,0.37,0.057,0.05,0.057,0.014,0.379,0.394,4.2,3.5,1.4,3.8,2.4
22021,203507,Giannis Antetokounmpo,1610612749,MIL,Milwaukee Bucks,PRBallHandler,Offensive,0.699,67,0.067,0.917,0.42,0.19,0.132,0.182,0.058,0.438,0.455,1.8,1.7,0.6,1.3,0.8
22021,1630631,Jose Alvarado,1610612740,NOP,New Orleans Pelicans,PRBallHandler,Offensive,0.692,54,0.335,0.917,0.505,0.1,0.117,0.075,0.008,0.458,0.516,2.2,2.0,0.9,1.8,0.9
22021,201935,James Harden,1610612755,PHI,Philadelphia 76ers,PRBallHandler,Offensive,0.451,21,0.305,0.821,0.365,0.149,0.239,0.142,0.022,0.358,0.441,6.4,5.2,1.5,4.0,2.6
22021,1629660,Ty Jerome,1610612760,OKC,Oklahoma City Thunder,PRBallHandler,Offensive,0.643,48,0.317,0.893,0.438,0.074,0.148,0.074,0.008,0.41,0.49,2.5,2.3,0.9,2.0,1.1
22021,204456,T.J. McConnell,1610612754,IND,Indiana Pacers,PRBallHandler,Offensive,0.818,27,0.445,0.982,0.489,0.064,0.091,0.064,0.009,0.473,0.505,4.1,4.0,1.7,3.5,1.8
22021,1627788,Furkan Korkmaz,1610612755,PHI,Philadelphia 76ers,PRBallHandler,Offensive,0.31,67,0.253,0.766,0.348,0.085,0.106,0.071,0.007,0.348,0.383,2.1,1.6,0.6,1.7,1.1
22021,203484,Kentavious Caldwell-Pope,1610612764,WAS,Washington Wizards,PRBallHandler,Offensive,0.485,77,0.126,0.831,0.467,0.073,0.21,0.073,0.008,0.403,0.5,1.6,1.3,0.5,1.2,0.6
22021,203915,Spencer Dinwiddie,1610612742,DAL,Dallas Mavericks,PRBallHandler,Offensive,0.738,23,0.338,0.935,0.418,0.176,0.13,0.176,0.037,0.444,0.449,4.7,4.4,1.4,3.4,2.0
22021,1629629,Cam Reddish,1610612737,ATL,Atlanta Hawks,PRBallHandler,Offensive,0.512,34,0.28,0.84,0.383,0.109,0.134,0.101,0.034,0.378,0.42,3.5,2.9,1.1,2.8,1.7
22021,201565,Derrick Rose,1610612752,NYK,New York Knicks,PRBallHandler,Offensive,0.298,26,0.398,0.754,0.41,0.054,0.192,0.046,0.015,0.354,0.43,5.0,3.8,1.6,3.8,2.3
22021,1627741,Buddy Hield,1610612758,SAC,Sacramento Kings,PRBallHandler,Offensive,0.327,55,0.151,0.78,0.347,0.049,0.179,0.049,0.0,0.317,0.442,2.2,1.7,0.6,1.7,1.1
22021,1629001,De'Anthony Melton,1610612763,MEM,Memphis Grizzlies,PRBallHandler,Offensive,0.253,73,0.154,0.722,0.346,0.06,0.15,0.045,0.015,0.323,0.393,1.8,1.3,0.5,1.5,1.0
22021,204060,Joe Ingles,1610612762,UTA,Utah Jazz,PRBallHandler,Offensive,0.866,45,0.268,1.022,0.486,0.044,0.198,0.033,0.011,0.407,0.636,2.0,2.1,0.8,1.6,0.8
22021,1630235,Trent Forrest,1610612762,UTA,Utah Jazz,PRBallHandler,Offensive,0.81,60,0.42,0.968,0.537,0.138,0.191,0.117,0.043,0.479,0.537,1.6,1.5,0.6,1.1,0.5
22021,1630245,Ayo Dosunmu,1610612741,CHI,Chicago Bulls,PRBallHandler,Offensive,0.735,77,0.144,0.929,0.603,0.061,0.265,0.051,0.02,0.459,0.603,1.3,1.2,0.5,0.9,0.4
22021,203501,Tim Hardaway Jr.,1610612742,DAL,Dallas Mavericks,PRBallHandler,Offensive,0.637,42,0.164,0.89,0.364,0.07,0.06,0.07,0.01,0.38,0.443,2.4,2.1,0.8,2.1,1.3
22021,203084,Harrison Barnes,1610612758,SAC,Sacramento Kings,PRBallHandler,Offensive,0.533,77,0.092,0.854,0.357,0.194,0.165,0.175,0.039,0.398,0.4,1.3,1.1,0.3,0.9,0.6
22021,1626153,Delon Wright,1610612737,ATL,Atlanta Hawks,PRBallHandler,Offensive,0.565,77,0.292,0.87,0.395,0.09,0.16,0.07,0.01,0.38,0.467,1.3,1.1,0.4,1.0,0.6
22021,202330,Gordon Hayward,1610612766,CHA,Charlotte Hornets,PRBallHandler,Offensive,0.376,49,0.142,0.796,0.383,0.102,0.167,0.074,0.019,0.37,0.42,2.2,1.8,0.6,1.7,1.0
22021,1628365,Markelle Fultz,1610612753,ORL,Orlando Magic,PRBallHandler,Offensive,0.652,18,0.419,0.895,0.5,0.042,0.158,0.042,0.021,0.432,0.513,5.3,4.7,2.2,4.3,2.2
22021,1630202,Payton Pritchard,1610612738,BOS,Boston Celtics,PRBallHandler,Offensive,0.56,71,0.232,0.867,0.422,0.02,0.143,0.02,0.01,0.367,0.494,1.4,1.2,0.5,1.2,0.7
22021,1630166,Deni Avdija,1610612764,WAS,Washington Wizards,PRBallHandler,Offensive,0.542,82,0.135,0.857,0.479,0.082,0.194,0.041,0.0,0.418,0.507,1.2,1.0,0.4,0.9,0.5
22021,1627747,Caris LeVert,1610612739,CLE,Cleveland Cavaliers,PRBallHandler,Offensive,0.33,19,0.366,0.781,0.386,0.086,0.095,0.086,0.019,0.39,0.392,5.5,4.3,1.8,4.6,2.8
22021,1630314,Brandon Williams,1610612757,POR,Portland Trail Blazers,PRBallHandler,Offensive,0.17,24,0.332,0.646,0.326,0.134,0.205,0.118,0.016,0.315,0.355,5.3,3.4,1.2,3.6,2.4
22021,1629670,Jordan Nwora,1610612749,MIL,Milwaukee Bucks,PRBallHandler,Offensive,0.405,62,0.188,0.802,0.397,0.059,0.178,0.05,0.01,0.356,0.468,1.6,1.3,0.5,1.3,0.8
22021,1630170,Devin Vassell,1610612759,SAS,San Antonio Spurs,PRBallHandler,Offensive,0.281,71,0.125,0.741,0.375,0.028,0.093,0.028,0.009,0.352,0.391,1.5,1.1,0.5,1.4,0.8
22021,202711,Bojan Bogdanović,1610612762,UTA,Utah Jazz,PRBallHandler,Offensive,0.932,69,0.063,1.097,0.5,0.181,0.111,0.125,0.014,0.528,0.538,1.0,1.1,0.4,0.8,0.4
22021,1628379,Luke Kennard,1610612746,LAC,LA Clippers,PRBallHandler,Offensive,0.756,70,0.115,0.94,0.417,0.048,0.096,0.036,0.012,0.398,0.493,1.2,1.1,0.4,1.0,0.6
22021,1629599,Amir Coffey,1610612746,LAC,LA Clippers,PRBallHandler,Offensive,0.583,69,0.155,0.874,0.408,0.046,0.092,0.046,0.011,0.391,0.454,1.3,1.1,0.4,1.1,0.7
22021,1630613,Duane Washington Jr.,1610612754,IND,Indiana Pacers,PRBallHandler,Offensive,0.339,48,0.19,0.784,0.39,0.093,0.134,0.082,0.021,0.371,0.416,2.0,1.6,0.6,1.6,1.0
22021,203944,Julius Randle,1610612752,NYK,New York Knicks,PRBallHandler,Offensive,0.527,72,0.053,0.852,0.353,0.114,0.125,0.091,0.011,0.375,0.434,1.2,1.0,0.3,0.9,0.6
22021,203504,Trey Burke,1610612742,DAL,Dallas Mavericks,PRBallHandler,Offensive,0.372,42,0.369,0.796,0.382,0.075,0.108,0.054,0.0,0.387,0.395,2.2,1.8,0.7,1.8,1.1
22021,1630567,Scottie Barnes,1610612761,TOR,Toronto Raptors,PRBallHandler,Offensive,0.943,74,0.056,1.123,0.58,0.138,0.123,0.138,0.031,0.554,0.6,0.9,1.0,0.4,0.7,0.3
22021,1630267,Facundo Campazzo,1610612743,DEN,Denver Nuggets,PRBallHandler,Offensive,0.176,65,0.28,0.649,0.304,0.108,0.27,0.063,0.0,0.297,0.37,1.7,1.1,0.3,1.1,0.7
22021,203999,Nikola Jokić,1610612743,DEN,Denver Nuggets,PRBallHandler,Offensive,0.89,74,0.038,1.044,0.733,0.191,0.368,0.132,0.0,0.515,0.833,0.9,1.0,0.3,0.4,0.1
22021,1628366,Lonzo Ball,1610612741,CHI,Chicago Bulls,PRBallHandler,Offensive,0.268,35,0.204,0.732,0.384,0.021,0.237,0.021,0.01,0.299,0.473,2.8,2.0,0.8,2.1,1.3
22021,1629130,Duncan Robinson,1610612748,MIA,Miami Heat,PRBallHandler,Offensive,0.946,79,0.075,1.148,0.449,0.066,0.148,0.066,0.016,0.41,0.633,0.8,0.9,0.3,0.6,0.3
22021,1630177,Theo Maledon,1610612760,OKC,Oklahoma City Thunder,PRBallHandler,Offensive,0.369,51,0.207,0.795,0.403,0.091,0.227,0.068,0.023,0.352,0.468,1.7,1.4,0.5,1.2,0.7
22021,201588,George Hill,1610612749,MIL,Milwaukee Bucks,PRBallHandler,Offensive,0.577,54,0.229,0.872,0.39,0.141,0.115,0.051,0.013,0.423,0.407,1.4,1.3,0.4,1.1,0.7
22021,1630527,Brandon Boston,1610612746,LAC,LA Clippers,PRBallHandler,Offensive,0.568,51,0.199,0.87,0.338,0.117,0.065,0.091,0.026,0.377,0.4,1.5,1.3,0.4,1.3,0.8
22021,1629013,Landry Shamet,1610612756,PHX,Phoenix Suns,PRBallHandler,Offensive,0.542,69,0.138,0.857,0.383,0.078,0.143,0.078,0.0,0.377,0.467,1.1,1.0,0.3,0.9,0.5
22021,1629631,De'Andre Hunter,1610612737,ATL,Atlanta Hawks,PRBallHandler,Offensive,0.61,53,0.103,0.878,0.433,0.095,0.122,0.095,0.027,0.419,0.458,1.4,1.2,0.5,1.1,0.6
22021,203924,Jerami Grant,1610612765,DET,Detroit Pistons,PRBallHandler,Offensive,0.238,47,0.103,0.707,0.362,0.098,0.185,0.098,0.033,0.337,0.37,2.0,1.4,0.5,1.5,0.9
22021,1629164,Brandon Goodwin,1610612739,CLE,Cleveland Cavaliers,PRBallHandler,Offensive,0.601,36,0.356,0.875,0.472,0.111,0.208,0.097,0.056,0.375,0.528,2.0,1.8,0.7,1.5,0.8
22021,1628988,Aaron Holiday,1610612764,WAS,Washington Wizards,PRBallHandler,Offensive,0.473,41,0.285,0.829,0.452,0.039,0.145,0.026,0.0,0.408,0.46,1.9,1.5,0.7,1.5,0.8
22021,1630181,R.J. Hampton,1610612753,ORL,Orlando Magic,PRBallHandler,Offensive,0.06,64,0.228,0.467,0.232,0.111,0.207,0.089,0.022,0.252,0.242,2.1,1.0,0.3,1.5,1.1
22021,1628372,Dennis Smith Jr.,1610612757,POR,Portland Trail Blazers,PRBallHandler,Offensive,0.274,37,0.314,0.735,0.419,0.108,0.181,0.108,0.048,0.361,0.427,2.2,1.6,0.7,1.7,1.0
22021,1628401,Derrick White,1610612738,BOS,Boston Celtics,PRBallHandler,Offensive,0.542,26,0.241,0.857,0.375,0.186,0.129,0.186,0.014,0.414,0.396,2.7,2.3,0.7,1.8,1.2
22021,202694,Marcus Morris Sr.,1610612746,LAC,LA Clippers,PRBallHandler,Offensive,0.496,54,0.088,0.833,0.404,0.069,0.139,0.028,0.0,0.389,0.439,1.3,1.1,0.4,1.1,0.6
22021,203901,Elfrid Payton,1610612756,PHX,Phoenix Suns,PRBallHandler,Offensive,0.134,51,0.411,0.619,0.366,0.103,0.186,0.093,0.021,0.309,0.373,1.9,1.2,0.5,1.4,0.9
22021,1628404,Josh Hart,1610612757,POR,Portland Trail Blazers,PRBallHandler,Offensive,0.804,13,0.26,0.967,0.5,0.082,0.197,0.082,0.066,0.41,0.573,4.7,4.5,1.8,3.7,1.8
22021,1628977,Hamidou Diallo,1610612765,DET,Detroit Pistons,PRBallHandler,Offensive,0.414,58,0.114,0.808,0.448,0.082,0.137,0.096,0.027,0.397,0.457,1.3,1.0,0.4,1.0,0.6
22021,202691,Klay Thompson,1610612744,GSW,Golden State Warriors,PRBallHandler,Offensive,0.973,32,0.075,1.208,0.488,0.021,0.083,0.021,0.0,0.458,0.651,1.5,1.8,0.7,1.3,0.7
22021,1627736,Malik Beasley,1610612750,MIN,Minnesota Timberwolves,PRBallHandler,Offensive,0.949,79,0.055,1.16,0.467,0.04,0.06,0.04,0.0,0.46,0.611,0.6,0.7,0.3,0.6,0.3
22021,1628969,Mikal Bridges,1610612756,PHX,Phoenix Suns,PRBallHandler,Offensive,0.929,82,0.052,1.096,0.568,0.096,0.096,0.096,0.038,0.538,0.568,0.6,0.7,0.3,0.5,0.2
22021,1629056,Terence Davis,1610612758,SAC,Sacramento Kings,PRBallHandler,Offensive,0.601,30,0.203,0.875,0.352,0.078,0.094,0.047,0.016,0.359,0.444,2.1,1.9,0.6,1.8,1.2
22021,1627741,Buddy Hield,1610612754,IND,Indiana Pacers,PRBallHandler,Offensive,0.182,26,0.18,0.651,0.348,0.012,0.221,0.0,0.0,0.279,0.409,3.3,2.2,0.9,2.5,1.7
22021,201988,Patty Mills,1610612751,BKN,Brooklyn Nets,PRBallHandler,Offensive,0.164,81,0.098,0.644,0.306,0.011,0.161,0.011,0.0,0.264,0.375,1.1,0.7,0.3,0.9,0.6
22021,1630201,Malachi Flynn,1610612761,TOR,Toronto Raptors,PRBallHandler,Offensive,0.451,44,0.325,0.821,0.404,0.075,0.104,0.06,0.03,0.373,0.447,1.5,1.3,0.5,1.3,0.8
22021,203087,Jeremy Lamb,1610612754,IND,Indiana Pacers,PRBallHandler,Offensive,0.384,39,0.243,0.797,0.358,0.145,0.116,0.116,0.029,0.391,0.368,1.8,1.4,0.5,1.4,0.9
22021,202397,Ish Smith,1610612766,CHA,Charlotte Hornets,PRBallHandler,Offensive,0.289,37,0.323,0.743,0.41,0.054,0.135,0.027,0.014,0.351,0.426,2.0,1.5,0.7,1.6,1.0
22021,203937,Kyle Anderson,1610612763,MEM,Memphis Grizzlies,PRBallHandler,Offensive,0.542,69,0.108,0.857,0.423,0.095,0.095,0.095,0.016,0.413,0.433,0.9,0.8,0.3,0.8,0.4
22021,1628960,Grayson Allen,1610612749,MIL,Milwaukee Bucks,PRBallHandler,Offensive,0.664,66,0.092,0.898,0.4,0.051,0.136,0.051,0.034,0.356,0.5,0.9,0.8,0.3,0.8,0.5
22021,1630553,Keon Johnson,1610612757,POR,Portland Trail Blazers,PRBallHandler,Offensive,0.152,22,0.305,0.639,0.279,0.072,0.193,0.048,0.0,0.277,0.344,3.8,2.4,0.8,2.8,2.0
22021,203552,Seth Curry,1610612751,BKN,Brooklyn Nets,PRBallHandler,Offensive,0.789,19,0.224,0.963,0.511,0.019,0.148,0.019,0.0,0.444,0.556,2.8,2.7,1.2,2.4,1.2
22021,203471,Dennis Schröder,1610612745,HOU,Houston Rockets,PRBallHandler,Offensive,0.223,15,0.379,0.703,0.404,0.027,0.203,0.041,0.014,0.324,0.439,4.9,3.5,1.5,3.8,2.3
22021,1630240,Saben Lee,1610612765,DET,Detroit Pistons,PRBallHandler,Offensive,0.196,37,0.313,0.675,0.298,0.156,0.234,0.117,0.0,0.338,0.34,2.1,1.4,0.4,1.3,0.9
22021,1626196,Josh Richardson,1610612738,BOS,Boston Celtics,PRBallHandler,Offensive,0.554,44,0.141,0.862,0.42,0.086,0.052,0.052,0.0,0.431,0.42,1.3,1.1,0.5,1.1,0.7
22021,1628988,Aaron Holiday,1610612756,PHX,Phoenix Suns,PRBallHandler,Offensive,0.146,22,0.464,0.636,0.273,0.117,0.195,0.104,0.026,0.286,0.3,3.5,2.2,0.7,2.5,1.8
22021,203087,Jeremy Lamb,1610612758,SAC,Sacramento Kings,PRBallHandler,Offensive,0.958,17,0.293,1.171,0.528,0.122,0.073,0.122,0.073,0.512,0.583,2.4,2.8,1.1,2.1,1.0
22021,201571,D.J. Augustin,1610612745,HOU,Houston Rockets,PRBallHandler,Offensive,0.128,34,0.4,0.615,0.267,0.115,0.308,0.077,0.0,0.269,0.356,2.3,1.4,0.4,1.3,1.0
22021,1628404,Josh Hart,1610612740,NOP,New Orleans Pelicans,PRBallHandler,Offensive,0.316,41,0.113,0.77,0.455,0.033,0.246,0.033,0.0,0.361,0.511,1.5,1.1,0.5,1.1,0.6
22021,1626162,Kelly Oubre Jr.,1610612766,CHA,Charlotte Hornets,PRBallHandler,Offensive,0.188,76,0.066,0.662,0.323,0.056,0.085,0.056,0.014,0.324,0.339,0.9,0.6,0.3,0.8,0.6
22021,1628978,Donte DiVincenzo,1610612758,SAC,Sacramento Kings,PRBallHandler,Offensive,0.116,25,0.281,0.587,0.276,0.075,0.213,0.063,0.013,0.25,0.328,3.2,1.9,0.6,2.3,1.7
22021,1626208,Keifer Sykes,1610612754,IND,Indiana Pacers,PRBallHandler,Offensive,0.125,32,0.329,0.613,0.333,0.027,0.213,0.027,0.0,0.28,0.368,2.3,1.4,0.6,1.8,1.2
22021,1628991,Jaren Jackson Jr.,1610612763,MEM,Memphis Grizzlies,PRBallHandler,Offensive,0.935,78,0.031,1.098,0.576,0.122,0.098,0.122,0.049,0.537,0.576,0.5,0.6,0.2,0.4,0.2
22021,1630219,Skylar Mays,1610612737,ATL,Atlanta Hawks,PRBallHandler,Offensive,1.0,19,0.188,1.538,0.889,0.231,0.154,0.154,0.077,0.769,0.889,0.7,1.1,0.4,0.5,0.1
22021,202738,Isaiah Thomas,1610612766,CHA,Charlotte Hornets,PRBallHandler,Offensive,0.869,17,0.321,1.023,0.474,0.045,0.091,0.023,0.0,0.455,0.526,2.6,2.6,1.1,2.2,1.2
22021,203914,Gary Harris,1610612753,ORL,Orlando Magic,PRBallHandler,Offensive,0.086,61,0.131,0.523,0.271,0.023,0.163,0.012,0.0,0.244,0.3,1.4,0.7,0.3,1.1,0.8
22021,1630563,Joshua Primo,1610612759,SAS,San Antonio Spurs,PRBallHandler,Offensive,0.376,50,0.153,0.796,0.425,0.056,0.204,0.037,0.0,0.37,0.475,1.1,0.9,0.3,0.8,0.5
22021,1629633,Jarrett Culver,1610612763,MEM,Memphis Grizzlies,PRBallHandler,Offensive,0.242,21,0.252,0.692,0.381,0.077,0.115,0.038,0.0,0.346,0.381,1.2,1.0,0.4,1.0,0.6
22021,1627936,Alex Caruso,1610612741,CHI,Chicago Bulls,PRBallHandler,Offensive,0.248,41,0.173,0.717,0.364,0.1,0.2,0.1,0.033,0.333,0.386,1.5,1.0,0.4,1.1,0.7
22021,1630540,Miles McBride,1610612752,NYK,New York Knicks,PRBallHandler,Offensive,0.462,13,0.302,0.813,0.357,0.0,0.125,0.0,0.0,0.313,0.464,1.2,1.0,0.4,1.1,0.7
22021,1630184,Kira Lewis Jr.,1610612740,NOP,New Orleans Pelicans,PRBallHandler,Offensive,0.248,24,0.341,0.717,0.373,0.033,0.117,0.033,0.0,0.35,0.392,2.5,1.8,0.8,2.1,1.3
22021,1628384,OG Anunoby,1610612761,TOR,Toronto Raptors,PRBallHandler,Offensive,0.229,48,0.073,0.705,0.346,0.033,0.131,0.033,0.016,0.311,0.404,1.3,0.9,0.4,1.1,0.7
22021,1630230,Naji Marshall,1610612740,NOP,New Orleans Pelicans,PRBallHandler,Offensive,0.357,55,0.149,0.792,0.444,0.132,0.245,0.132,0.057,0.377,0.458,1.0,0.8,0.3,0.7,0.4
22021,1630559,Austin Reaves,1610612747,LAL,Los Angeles Lakers,PRBallHandler,Offensive,0.774,61,0.106,0.953,0.458,0.279,0.209,0.256,0.047,0.488,0.458,0.7,0.7,0.2,0.4,0.2
22021,1630256,Jae'Sean Tate,1610612745,HOU,Houston Rockets,PRBallHandler,Offensive,0.496,78,0.051,0.833,0.563,0.021,0.313,0.021,0.0,0.396,0.594,0.6,0.5,0.2,0.4,0.2
22021,200765,Rajon Rondo,1610612739,CLE,Cleveland Cavaliers,PRBallHandler,Offensive,0.281,21,0.362,0.741,0.4,0.093,0.278,0.056,0.019,0.333,0.457,2.6,1.9,0.7,1.7,1.0
22021,1627739,Kris Dunn,1610612757,POR,Portland Trail Blazers,PRBallHandler,Offensive,0.217,14,0.401,0.702,0.429,0.07,0.246,0.07,0.053,0.333,0.429,4.1,2.9,1.3,3.0,1.7
22021,1629647,Darius Bazley,1610612760,OKC,Oklahoma City Thunder,PRBallHandler,Offensive,0.2,69,0.073,0.678,0.326,0.119,0.169,0.119,0.017,0.339,0.36,0.9,0.6,0.2,0.6,0.4
22021,1628402,Frank Jackson,1610612765,DET,Detroit Pistons,PRBallHandler,Offensive,0.2,53,0.105,0.678,0.314,0.034,0.102,0.034,0.0,0.305,0.363,1.1,0.8,0.3,1.0,0.7
22021,1628975,Jevon Carter,1610612749,MIL,Milwaukee Bucks,PRBallHandler,Offensive,0.979,20,0.352,1.219,0.556,0.031,0.125,0.0,0.0,0.5,0.685,1.6,2.0,0.8,1.4,0.6
22021,203954,Joel Embiid,1610612755,PHI,Philadelphia 76ers,PRBallHandler,Offensive,0.94,68,0.018,1.118,0.4,0.206,0.088,0.059,0.029,0.441,0.54,0.5,0.6,0.1,0.4,0.2
22021,1630195,Leandro Bolmaro,1610612750,MIN,Minnesota Timberwolves,PRBallHandler,Offensive,0.005,15,0.262,0.364,0.25,0.091,0.545,0.0,0.0,0.182,0.25,0.7,0.3,0.1,0.3,0.2
22021,203926,Doug McDermott,1610612759,SAS,San Antonio Spurs,PRBallHandler,Offensive,0.813,51,0.074,0.974,0.412,0.026,0.103,0.026,0.0,0.385,0.529,0.8,0.7,0.3,0.7,0.4
22021,1630197,Aleksej Pokusevski,1610612760,OKC,Oklahoma City Thunder,PRBallHandler,Offensive,0.083,61,0.129,0.514,0.267,0.081,0.324,0.068,0.014,0.23,0.311,1.2,0.6,0.2,0.7,0.5
22021,1629622,Max Strus,1610612748,MIA,Miami Heat,PRBallHandler,Offensive,0.911,68,0.055,1.057,0.467,0.0,0.143,0.0,0.0,0.4,0.617,0.5,0.5,0.2,0.4,0.2
22021,1626181,Norman Powell,1610612746,LAC,LA Clippers,PRBallHandler,Offensive,0.952,5,0.36,1.161,0.476,0.194,0.129,0.161,0.0,0.516,0.571,6.2,7.2,2.0,4.2,2.2
22021,203109,Jae Crowder,1610612756,PHX,Phoenix Suns,PRBallHandler,Offensive,0.926,67,0.052,1.091,0.467,0.03,0.091,0.03,0.03,0.424,0.583,0.5,0.5,0.2,0.4,0.2
22021,1630598,Aaron Wiggins,1610612760,OKC,Oklahoma City Thunder,PRBallHandler,Offensive,0.336,50,0.108,0.783,0.429,0.087,0.174,0.087,0.022,0.391,0.443,0.9,0.7,0.3,0.7,0.4
22021,203932,Aaron Gordon,1610612743,DEN,Denver Nuggets,PRBallHandler,Offensive,0.233,75,0.048,0.706,0.349,0.059,0.137,0.059,0.039,0.314,0.384,0.7,0.5,0.2,0.6,0.4
22021,1629162,Jordan McLaughlin,1610612750,MIN,Minnesota Timberwolves,PRBallHandler,Offensive,0.233,62,0.197,0.706,0.333,0.059,0.196,0.059,0.02,0.294,0.397,0.8,0.6,0.2,0.6,0.4
22021,201609,Goran Dragic,1610612751,BKN,Brooklyn Nets,PRBallHandler,Offensive,0.185,16,0.331,0.66,0.395,0.075,0.208,0.019,0.0,0.358,0.408,3.3,2.2,0.9,2.4,1.4
22021,1627854,Bryn Forbes,1610612759,SAS,San Antonio Spurs,PRBallHandler,Offensive,0.476,40,0.118,0.829,0.429,0.024,0.122,0.0,0.0,0.39,0.457,1.0,0.9,0.4,0.9,0.5
22021,1629643,Chuma Okeke,1610612753,ORL,Orlando Magic,PRBallHandler,Offensive,0.22,70,0.071,0.702,0.282,0.085,0.085,0.085,0.0,0.319,0.321,0.7,0.5,0.2,0.6,0.4
22021,1628971,Bruce Brown,1610612751,BKN,Brooklyn Nets,PRBallHandler,Offensive,0.967,72,0.044,1.185,0.5,0.259,0.074,0.259,0.074,0.556,0.525,0.4,0.4,0.1,0.3,0.1
22021,1630533,Ziaire Williams,1610612763,MEM,Memphis Grizzlies,PRBallHandler,Offensive,0.759,62,0.07,0.941,0.483,0.029,0.118,0.029,0.0,0.441,0.517,0.5,0.5,0.2,0.5,0.2
22021,1629012,Collin Sexton,1610612739,CLE,Cleveland Cavaliers,PRBallHandler,Offensive,0.205,11,0.24,0.681,0.387,0.106,0.234,0.085,0.0,0.362,0.387,4.3,2.9,1.1,2.8,1.7
22021,203107,Tomas Satoransky,1610612764,WAS,Washington Wizards,PRBallHandler,Offensive,0.362,22,0.331,0.795,0.478,0.154,0.282,0.154,0.026,0.41,0.478,1.8,1.4,0.5,1.0,0.5
22021,202954,Brad Wanamaker,1610612754,IND,Indiana Pacers,PRBallHandler,Offensive,0.362,22,0.379,0.795,0.379,0.154,0.154,0.103,0.051,0.385,0.379,1.8,1.4,0.5,1.3,0.8
22021,203506,Victor Oladipo,1610612748,MIA,Miami Heat,PRBallHandler,Offensive,0.362,8,0.402,0.795,0.423,0.103,0.231,0.051,0.0,0.359,0.5,4.9,3.9,1.4,3.3,1.9
22021,1628373,Frank Ntilikina,1610612742,DAL,Dallas Mavericks,PRBallHandler,Offensive,0.321,58,0.152,0.775,0.424,0.0,0.175,0.0,0.0,0.35,0.47,0.7,0.5,0.2,0.6,0.3
22021,1629642,Nassir Little,1610612757,POR,Portland Trail Blazers,PRBallHandler,Offensive,0.982,42,0.061,1.25,0.563,0.208,0.125,0.208,0.0,0.583,0.656,0.6,0.7,0.2,0.4,0.2
22021,201949,James Johnson,1610612751,BKN,Brooklyn Nets,PRBallHandler,Offensive,0.97,62,0.066,1.2,0.619,0.12,0.12,0.12,0.08,0.56,0.643,0.4,0.5,0.2,0.3,0.1
22021,202340,Avery Bradley,1610612747,LAL,Los Angeles Lakers,PRBallHandler,Offensive,0.807,62,0.078,0.968,0.429,0.032,0.097,0.032,0.032,0.387,0.518,0.5,0.5,0.2,0.5,0.3
22021,1630625,Dalano Banton,1610612761,TOR,Toronto Raptors,PRBallHandler,Offensive,0.107,64,0.189,0.558,0.282,0.058,0.192,0.058,0.0,0.269,0.295,0.8,0.5,0.2,0.6,0.4
22021,200752,Rudy Gay,1610612762,UTA,Utah Jazz,PRBallHandler,Offensive,0.976,55,0.05,1.217,0.5,0.13,0.087,0.087,0.087,0.478,0.6,0.4,0.5,0.2,0.4,0.2
22021,1628367,Josh Jackson,1610612765,DET,Detroit Pistons,PRBallHandler,Offensive,0.461,39,0.109,0.824,0.5,0.029,0.265,0.029,0.0,0.382,0.542,0.9,0.7,0.3,0.6,0.3
22021,1628975,Jevon Carter,1610612751,BKN,Brooklyn Nets,PRBallHandler,Offensive,0.208,46,0.202,0.683,0.343,0.0,0.146,0.0,0.0,0.293,0.4,0.9,0.6,0.3,0.8,0.5
22021,1630228,Jonathan Kuminga,1610612744,GSW,Golden State Warriors,PRBallHandler,Offensive,0.884,71,0.042,1.038,0.625,0.231,0.192,0.231,0.038,0.577,0.625,0.4,0.4,0.1,0.2,0.1
22021,1629004,Svi Mykhailiuk,1610612761,TOR,Toronto Raptors,PRBallHandler,Offensive,0.573,56,0.11,0.871,0.304,0.129,0.129,0.065,0.0,0.355,0.37,0.6,0.5,0.1,0.4,0.3
22021,201568,Danilo Gallinari,1610612737,ATL,Atlanta Hawks,PRBallHandler,Offensive,0.161,66,0.06,0.643,0.289,0.024,0.071,0.0,0.0,0.286,0.329,0.6,0.4,0.2,0.6,0.4
22021,1627854,Bryn Forbes,1610612743,DEN,Denver Nuggets,PRBallHandler,Offensive,0.887,35,0.089,1.04,0.429,0.16,0.04,0.16,0.04,0.48,0.476,0.7,0.7,0.3,0.6,0.3
22021,1628998,Cody Martin,1610612766,CHA,Charlotte Hornets,PRBallHandler,Offensive,0.092,71,0.091,0.542,0.314,0.042,0.229,0.042,0.0,0.271,0.329,0.7,0.4,0.2,0.5,0.3
22021,1626196,Josh Richardson,1610612759,SAS,San Antonio Spurs,PRBallHandler,Offensive,0.333,21,0.139,0.781,0.458,0.031,0.219,0.031,0.0,0.375,0.479,1.5,1.2,0.5,1.1,0.6
22021,203085,Austin Rivers,1610612743,DEN,Denver Nuggets,PRBallHandler,Offensive,0.11,67,0.102,0.581,0.281,0.07,0.186,0.047,0.0,0.279,0.297,0.6,0.4,0.1,0.5,0.3
22021,1630227,Daishen Nix,1610612745,HOU,Houston Rockets,PRBallHandler,Offensive,0.467,24,0.274,0.828,0.429,0.069,0.241,0.069,0.034,0.345,0.5,1.2,1.0,0.4,0.9,0.5
22021,1630249,Vít Krejčí,1610612760,OKC,Oklahoma City Thunder,PRBallHandler,Offensive,0.26,30,0.16,0.727,0.375,0.061,0.212,0.061,0.0,0.333,0.417,1.1,0.8,0.3,0.8,0.5
22021,1629875,Xavier Moon,1610612746,LAC,LA Clippers,PRBallHandler,Offensive,0.988,10,0.31,1.278,0.647,0.0,0.056,0.0,0.0,0.611,0.676,1.8,2.3,1.1,1.7,0.6
22021,1628432,Davon Reed,1610612743,DEN,Denver Nuggets,PRBallHandler,Offensive,0.899,48,0.12,1.045,0.556,0.136,0.136,0.091,0.091,0.5,0.583,0.5,0.5,0.2,0.4,0.2
22021,1629103,Kelan Martin,1610612754,IND,Indiana Pacers,PRBallHandler,Offensive,0.899,27,0.117,1.045,0.524,0.0,0.045,0.0,0.0,0.5,0.548,0.8,0.9,0.4,0.8,0.4
22021,1630529,Herbert Jones,1610612740,NOP,New Orleans Pelicans,PRBallHandler,Offensive,0.08,78,0.06,0.511,0.29,0.089,0.222,0.089,0.0,0.289,0.29,0.6,0.3,0.1,0.4,0.3
22021,200765,Rajon Rondo,1610612747,LAL,Los Angeles Lakers,PRBallHandler,Offensive,0.074,18,0.443,0.489,0.367,0.021,0.34,0.0,0.0,0.255,0.367,2.6,1.3,0.6,1.7,1.1
22021,1630557,Corey Kispert,1610612764,WAS,Washington Wizards,PRBallHandler,Offensive,0.938,77,0.034,1.1,0.438,0.1,0.1,0.1,0.0,0.45,0.531,0.3,0.3,0.1,0.2,0.1
22021,1626174,Christian Wood,1610612745,HOU,Houston Rockets,PRBallHandler,Offensive,0.902,68,0.018,1.048,0.471,0.143,0.143,0.143,0.095,0.429,0.588,0.3,0.3,0.1,0.3,0.1
22021,1629649,Ignas Brazdeikis,1610612753,ORL,Orlando Magic,PRBallHandler,Offensive,0.692,42,0.109,0.917,0.435,0.0,0.042,0.0,0.0,0.417,0.478,0.6,0.5,0.2,0.5,0.3
22021,201571,D.J. Augustin,1610612747,LAL,Los Angeles Lakers,PRBallHandler,Offensive,0.429,21,0.273,0.815,0.333,0.111,0.148,0.074,0.037,0.333,0.405,1.3,1.0,0.3,1.0,0.7
22021,1629717,Armoni Brooks,1610612745,HOU,Houston Rockets,PRBallHandler,Offensive,0.137,41,0.125,0.629,0.276,0.0,0.171,0.0,0.0,0.229,0.379,0.9,0.5,0.2,0.7,0.5
22021,1626157,Karl-Anthony Towns,1610612750,MIN,Minnesota Timberwolves,PRBallHandler,Offensive,0.601,74,0.015,0.875,0.381,0.0,0.125,0.0,0.0,0.333,0.5,0.3,0.3,0.1,0.3,0.2
22021,1628389,Bam Adebayo,1610612748,MIA,Miami Heat,PRBallHandler,Offensive,0.411,56,0.026,0.808,0.5,0.077,0.231,0.077,0.0,0.423,0.5,0.5,0.4,0.2,0.3,0.2
22021,1629661,Cameron Johnson,1610612756,PHX,Phoenix Suns,PRBallHandler,Offensive,0.256,66,0.041,0.724,0.278,0.207,0.207,0.207,0.034,0.345,0.278,0.4,0.3,0.1,0.3,0.2
22021,1630547,James Bouknight,1610612766,CHA,Charlotte Hornets,PRBallHandler,Offensive,0.363,30,0.143,0.792,0.348,0.0,0.042,0.0,0.0,0.333,0.413,0.8,0.6,0.3,0.8,0.5
22021,1629726,Garrison Mathews,1610612745,HOU,Houston Rockets,PRBallHandler,Offensive,0.994,65,0.027,1.333,0.4,0.267,0.133,0.267,0.067,0.467,0.6,0.2,0.3,0.1,0.2,0.1
22021,1629744,Matt Thomas,1610612741,CHI,Chicago Bulls,PRBallHandler,Offensive,0.994,40,0.1,1.333,0.583,0.067,0.133,0.067,0.0,0.533,0.792,0.4,0.5,0.2,0.3,0.1
22021,1629629,Cam Reddish,1610612752,NYK,New York Knicks,PRBallHandler,Offensive,0.964,15,0.183,1.176,0.5,0.235,0.059,0.235,0.118,0.529,0.536,1.1,1.3,0.5,0.9,0.5
22021,1628978,Donte DiVincenzo,1610612749,MIL,Milwaukee Bucks,PRBallHandler,Offensive,0.281,17,0.17,0.741,0.333,0.0,0.222,0.0,0.0,0.259,0.476,1.6,1.2,0.4,1.2,0.8
22021,201609,Goran Dragic,1610612761,TOR,Toronto Raptors,PRBallHandler,Offensive,0.985,5,0.375,1.267,0.538,0.133,0.0,0.067,0.0,0.6,0.577,3.0,3.8,1.4,2.6,1.2
22021,1629026,Kenrich Williams,1610612760,OKC,Oklahoma City Thunder,PRBallHandler,Offensive,0.765,49,0.051,0.95,0.538,0.15,0.2,0.15,0.0,0.5,0.577,0.4,0.4,0.1,0.3,0.1
22021,1630285,Zavier Simpson,1610612760,OKC,Oklahoma City Thunder,PRBallHandler,Offensive,0.301,4,0.391,0.76,0.409,0.04,0.12,0.04,0.04,0.36,0.409,6.3,4.8,2.3,5.5,3.3
22021,1630171,Isaac Okoro,1610612739,CLE,Cleveland Cavaliers,PRBallHandler,Offensive,0.265,67,0.046,0.731,0.409,0.038,0.115,0.038,0.0,0.385,0.409,0.4,0.3,0.1,0.3,0.2
22021,203107,Tomas Satoransky,1610612740,NOP,New Orleans Pelicans,PRBallHandler,Offensive,0.042,32,0.321,0.422,0.184,0.089,0.133,0.089,0.067,0.178,0.197,1.4,0.6,0.2,1.2,1.0
22021,1630183,Jaden McDaniels,1610612750,MIN,Minnesota Timberwolves,PRBallHandler,Offensive,0.542,70,0.032,0.857,0.5,0.048,0.238,0.048,0.048,0.381,0.531,0.3,0.3,0.1,0.2,0.1
22021,2546,Carmelo Anthony,1610612747,LAL,Los Angeles Lakers,PRBallHandler,Offensive,0.292,69,0.028,0.75,0.364,0.042,0.042,0.042,0.0,0.375,0.386,0.3,0.3,0.1,0.3,0.2
22021,1627827,Dorian Finney-Smith,1610612742,DAL,Dallas Mavericks,PRBallHandler,Offensive,0.212,80,0.032,0.692,0.333,0.038,0.154,0.038,0.0,0.308,0.405,0.3,0.2,0.1,0.3,0.2
22021,1629667,Jalen McDaniels,1610612766,CHA,Charlotte Hornets,PRBallHandler,Offensive,0.919,55,0.049,1.063,0.615,0.063,0.125,0.063,0.0,0.563,0.615,0.3,0.3,0.1,0.2,0.1
22021,1627777,Georges Niang,1610612755,PHI,Philadelphia 76ers,PRBallHandler,Offensive,0.919,76,0.025,1.063,0.545,0.063,0.25,0.063,0.0,0.438,0.682,0.2,0.2,0.1,0.1,0.1
22021,1630190,Elijah Hughes,1610612757,POR,Portland Trail Blazers,PRBallHandler,Offensive,0.847,22,0.145,1.0,0.429,0.059,0.118,0.059,0.0,0.412,0.536,0.8,0.8,0.3,0.6,0.4
22021,203200,Justin Holiday,1610612754,IND,Indiana Pacers,PRBallHandler,Offensive,0.652,49,0.036,0.895,0.4,0.0,0.211,0.0,0.0,0.316,0.567,0.4,0.3,0.1,0.3,0.2
22021,1630205,Lamar Stevens,1610612739,CLE,Cleveland Cavaliers,PRBallHandler,Offensive,0.652,63,0.049,0.895,0.412,0.105,0.0,0.105,0.0,0.474,0.412,0.3,0.3,0.1,0.3,0.2
22021,203076,Anthony Davis,1610612747,LAL,Los Angeles Lakers,PRBallHandler,Offensive,0.241,40,0.027,0.708,0.375,0.167,0.208,0.167,0.042,0.375,0.375,0.6,0.4,0.2,0.4,0.3
22021,1629052,Oshae Brissett,1610612754,IND,Indiana Pacers,PRBallHandler,Offensive,0.101,67,0.049,0.548,0.263,0.194,0.226,0.194,0.032,0.323,0.289,0.5,0.3,0.1,0.3,0.2
22021,1629604,CJ Elleby,1610612757,POR,Portland Trail Blazers,PRBallHandler,Offensive,0.101,58,0.078,0.548,0.32,0.0,0.194,0.0,0.0,0.258,0.34,0.5,0.3,0.1,0.4,0.3
22021,1626192,Pat Connaughton,1610612749,MIL,Milwaukee Bucks,PRBallHandler,Offensive,0.304,65,0.038,0.762,0.412,0.048,0.19,0.048,0.048,0.333,0.471,0.3,0.2,0.1,0.3,0.2
22021,1627752,Taurean Prince,1610612750,MIN,Minnesota Timberwolves,PRBallHandler,Offensive,0.191,69,0.051,0.667,0.375,0.042,0.292,0.042,0.0,0.292,0.438,0.3,0.2,0.1,0.2,0.1
22021,1628972,Troy Brown Jr.,1610612741,CHI,Chicago Bulls,PRBallHandler,Offensive,0.155,66,0.085,0.64,0.318,0.0,0.12,0.0,0.0,0.28,0.364,0.4,0.2,0.1,0.3,0.2
22021,1628997,Caleb Martin,1610612748,MIA,Miami Heat,PRBallHandler,Offensive,0.155,60,0.049,0.64,0.35,0.12,0.08,0.08,0.0,0.36,0.35,0.4,0.3,0.1,0.3,0.2
22021,1630172,Patrick Williams,1610612741,CHI,Chicago Bulls,PRBallHandler,Offensive,0.744,17,0.118,0.938,0.417,0.188,0.063,0.188,0.0,0.5,0.417,0.9,0.9,0.3,0.7,0.4
22021,1630596,Evan Mobley,1610612739,CLE,Cleveland Cavaliers,PRBallHandler,Offensive,0.244,69,0.02,0.714,0.429,0.095,0.238,0.048,0.0,0.381,0.429,0.3,0.2,0.1,0.2,0.1
22021,1626169,Stanley Johnson,1610612747,LAL,Los Angeles Lakers,PRBallHandler,Offensive,1.0,48,0.031,1.4,0.875,0.0,0.2,0.0,0.0,0.7,0.875,0.2,0.3,0.1,0.2,0.0
22021,1626168,Trey Lyles,1610612765,DET,Detroit Pistons,PRBallHandler,Offensive,0.955,51,0.024,1.167,0.8,0.333,0.333,0.333,0.083,0.583,0.8,0.2,0.3,0.1,0.1,0.0
22021,1629672,Eric Paschall,1610612762,UTA,Utah Jazz,PRBallHandler,Offensive,0.923,58,0.044,1.077,0.556,0.308,0.154,0.308,0.154,0.538,0.556,0.2,0.2,0.1,0.2,0.1
22021,203918,Rodney Hood,1610612749,MIL,Milwaukee Bucks,PRBallHandler,Offensive,0.601,39,0.111,0.875,0.333,0.063,0.0,0.0,0.0,0.375,0.4,0.4,0.4,0.1,0.4,0.3
22021,1629060,Rui Hachimura,1610612764,WAS,Washington Wizards,PRBallHandler,Offensive,0.42,42,0.036,0.813,0.4,0.063,0.063,0.063,0.063,0.375,0.4,0.4,0.3,0.1,0.4,0.2
22021,1629035,Carsen Edwards,1610612765,DET,Detroit Pistons,PRBallHandler,Offensive,0.307,4,0.486,0.765,0.357,0.0,0.176,0.0,0.0,0.294,0.464,4.3,3.3,1.3,3.5,2.3
22021,1629657,Kyle Guy,1610612748,MIA,Miami Heat,PRBallHandler,Offensive,0.055,18,0.235,0.474,0.273,0.053,0.368,0.053,0.0,0.211,0.318,1.1,0.5,0.2,0.6,0.4
22021,203463,Ben McLemore,1610612757,POR,Portland Trail Blazers,PRBallHandler,Offensive,0.119,64,0.035,0.591,0.222,0.045,0.136,0.045,0.0,0.227,0.278,0.3,0.2,0.1,0.3,0.2
22021,1629663,Louis King,1610612758,SAC,Sacramento Kings,PRBallHandler,Offensive,0.713,10,0.255,0.923,0.385,0.0,0.0,0.0,0.0,0.385,0.462,1.3,1.2,0.5,1.3,0.8
22021,1629638,Nickeil Alexander-Walker,1610612762,UTA,Utah Jazz,PRBallHandler,Offensive,0.395,14,0.25,0.8,0.364,0.067,0.2,0.0,0.0,0.333,0.455,1.1,0.9,0.3,0.8,0.5
22021,1629308,Juan Toscano-Anderson,1610612744,GSW,Golden State Warriors,PRBallHandler,Offensive,0.14,73,0.057,0.632,0.417,0.053,0.368,0.053,0.053,0.263,0.458,0.3,0.2,0.1,0.2,0.1
22021,1628470,Torrey Craig,1610612754,IND,Indiana Pacers,PRBallHandler,Offensive,0.122,51,0.06,0.6,0.286,0.1,0.2,0.1,0.0,0.3,0.321,0.4,0.2,0.1,0.3,0.2
22021,202066,Garrett Temple,1610612740,NOP,New Orleans Pelicans,PRBallHandler,Offensive,0.048,59,0.076,0.444,0.2,0.111,0.185,0.074,0.037,0.222,0.2,0.5,0.2,0.1,0.3,0.3
22021,201567,Kevin Love,1610612739,CLE,Cleveland Cavaliers,PRBallHandler,Offensive,0.692,74,0.013,0.917,0.364,0.0,0.083,0.0,0.0,0.333,0.5,0.2,0.1,0.1,0.1,0.1
22021,203490,Otto Porter Jr.,1610612744,GSW,Golden State Warriors,PRBallHandler,Offensive,0.345,63,0.029,0.786,0.308,0.071,0.0,0.071,0.0,0.357,0.385,0.2,0.2,0.1,0.2,0.1
22021,203493,Reggie Bullock Jr.,1610612742,DAL,Dallas Mavericks,PRBallHandler,Offensive,0.271,68,0.028,0.733,0.357,0.067,0.067,0.067,0.067,0.333,0.357,0.2,0.2,0.1,0.2,0.1
22021,204025,Tim Frazier,1610612753,ORL,Orlando Magic,PRBallHandler,Offensive,0.071,10,0.383,0.478,0.235,0.087,0.174,0.087,0.0,0.261,0.265,2.3,1.1,0.4,1.7,1.3
22021,1629641,Romeo Langford,1610612738,BOS,Boston Celtics,PRBallHandler,Offensive,0.313,44,0.06,0.769,0.4,0.077,0.231,0.077,0.077,0.308,0.45,0.3,0.2,0.1,0.2,0.1
22021,1629623,Lindell Wigginton,1610612749,MIL,Milwaukee Bucks,PRBallHandler,Offensive,0.057,19,0.25,0.455,0.231,0.182,0.227,0.136,0.0,0.227,0.231,1.2,0.5,0.2,0.7,0.5
22021,1629684,Grant Williams,1610612738,BOS,Boston Celtics,PRBallHandler,Offensive,0.669,77,0.019,0.9,0.5,0.2,0.3,0.2,0.1,0.4,0.5,0.1,0.1,0.0,0.1,0.0
22021,201587,Nicolas Batum,1610612746,LAC,LA Clippers,PRBallHandler,Offensive,0.436,59,0.025,0.818,0.364,0.0,0.0,0.0,0.0,0.364,0.409,0.2,0.2,0.1,0.2,0.1
22021,1628021,David Nwaba,1610612745,HOU,Houston Rockets,PRBallHandler,Offensive,0.436,46,0.048,0.818,0.5,0.182,0.182,0.182,0.091,0.455,0.5,0.2,0.2,0.1,0.2,0.1
22021,1629833,Keljin Blevins,1610612757,POR,Portland Trail Blazers,PRBallHandler,Offensive,0.212,31,0.098,0.692,0.333,0.154,0.154,0.0,0.0,0.308,0.389,0.4,0.3,0.1,0.3,0.2
22021,203482,Kelly Olynyk,1610612765,DET,Detroit Pistons,PRBallHandler,Offensive,0.089,40,0.044,0.529,0.273,0.059,0.294,0.059,0.0,0.235,0.318,0.4,0.2,0.1,0.3,0.2
22021,1629620,Justin Robinson,1610612749,MIL,Milwaukee Bucks,PRBallHandler,Offensive,0.068,17,0.279,0.474,0.267,0.0,0.211,0.0,0.0,0.211,0.3,1.1,0.5,0.2,0.9,0.6
22021,1629185,Chris Chiozza,1610612744,GSW,Golden State Warriors,PRBallHandler,Offensive,0.045,34,0.186,0.429,0.286,0.0,0.333,0.0,0.0,0.19,0.321,0.6,0.3,0.1,0.4,0.3
22021,1628425,Sterling Brown,1610612742,DAL,Dallas Mavericks,PRBallHandler,Offensive,0.395,49,0.054,0.8,0.6,0.0,0.5,0.0,0.0,0.3,0.8,0.2,0.2,0.1,0.1,0.0
22021,1627863,Danuel House Jr.,1610612745,HOU,Houston Rockets,PRBallHandler,Offensive,0.395,16,0.099,0.8,0.6,0.1,0.4,0.1,0.0,0.4,0.6,0.6,0.5,0.2,0.3,0.1
22021,1628367,Josh Jackson,1610612758,SAC,Sacramento Kings,PRBallHandler,Offensive,0.26,12,0.164,0.727,0.333,0.091,0.091,0.0,0.0,0.364,0.333,0.9,0.7,0.3,0.8,0.5
22021,203145,Kent Bazemore,1610612747,LAL,Los Angeles Lakers,PRBallHandler,Offensive,0.063,39,0.1,0.471,0.214,0.0,0.176,0.0,0.0,0.176,0.286,0.4,0.2,0.1,0.4,0.3
22021,203110,Draymond Green,1610612744,GSW,Golden State Warriors,PRBallHandler,Offensive,0.063,46,0.039,0.471,0.333,0.176,0.471,0.176,0.0,0.294,0.333,0.4,0.2,0.0,0.1,0.1
22021,1628408,PJ Dozier,1610612743,DEN,Denver Nuggets,PRBallHandler,Offensive,0.048,18,0.151,0.444,0.25,0.0,0.111,0.0,0.0,0.222,0.25,1.0,0.4,0.2,0.9,0.7
22021,1627814,Damion Lee,1610612744,GSW,Golden State Warriors,PRBallHandler,Offensive,0.036,63,0.044,0.4,0.235,0.0,0.15,0.0,0.0,0.2,0.235,0.3,0.1,0.1,0.3,0.2
22021,202688,Brandon Knight,1610612742,DAL,Dallas Mavericks,PRBallHandler,Offensive,0.146,5,0.333,0.636,0.286,0.091,0.273,0.0,0.0,0.273,0.357,2.2,1.4,0.4,1.4,1.0
22021,1627789,Timothe Luwawu-Cabarrot,1610612737,ATL,Atlanta Hawks,PRBallHandler,Offensive,0.113,52,0.054,0.583,0.222,0.083,0.167,0.083,0.0,0.25,0.333,0.2,0.1,0.0,0.2,0.1
22021,1630182,Josh Green,1610612742,DAL,Dallas Mavericks,PRBallHandler,Offensive,0.077,67,0.044,0.5,0.3,0.0,0.286,0.0,0.0,0.214,0.35,0.2,0.1,0.0,0.1,0.1
22021,1626159,Justise Winslow,1610612746,LAC,LA Clippers,PRBallHandler,Offensive,0.096,37,0.056,0.545,0.25,0.182,0.091,0.182,0.0,0.364,0.25,0.3,0.2,0.1,0.2,0.2
22021,1629755,Hassani Gravett,1610612753,ORL,Orlando Magic,PRBallHandler,Offensive,0.096,8,0.229,0.545,0.375,0.0,0.273,0.0,0.0,0.273,0.375,1.4,0.8,0.4,1.0,0.6
22021,1628476,Derrick Walton Jr.,1610612765,DET,Detroit Pistons,PRBallHandler,Offensive,0.018,3,0.538,0.286,0.167,0.048,0.381,0.048,0.0,0.143,0.167,7.0,2.0,0.7,4.0,3.3
22021,1629723,John Konchar,1610612763,MEM,Memphis Grizzlies,PRBallHandler,Offensive,0.024,72,0.048,0.333,0.2,0.0,0.333,0.0,0.0,0.133,0.25,0.2,0.1,0.0,0.1,0.1
22021,1630198,Isaiah Joe,1610612755,PHI,Philadelphia 76ers,PRBallHandler,Offensive,0.012,55,0.127,0.192,0.045,0.038,0.115,0.038,0.0,0.077,0.045,0.5,0.1,0.0,0.4,0.4
22021,1627761,DeAndre' Bembry,1610612751,BKN,Brooklyn Nets,PRBallHandler,Offensive,0.03,48,0.042,0.364,0.182,0.0,0.0,0.0,0.0,0.182,0.182,0.2,0.1,0.0,0.2,0.2
22021,203585,Rodney McGruder,1610612765,DET,Detroit Pistons,PRBallHandler,Offensive,0.03,51,0.042,0.364,0.182,0.0,0.0,0.0,0.0,0.182,0.182,0.2,0.1,0.0,0.2,0.2
22021,1628976,Wendell Carter Jr.,1610612753,ORL,Orlando Magic,PRBallHandler,Offensive,0.021,62,0.011,0.3,0.2,0.2,0.3,0.2,0.0,0.2,0.2,0.2,0.0,0.0,0.1,0.1
22021,1630561,David Duke Jr.,1610612751,BKN,Brooklyn Nets,PRBallHandler,Offensive,0.015,22,0.079,0.2,0.143,0.0,0.3,0.0,0.0,0.1,0.143,0.5,0.1,0.0,0.3,0.3
22021,1629620,Justin Robinson,1610612765,DET,Detroit Pistons,PRBallHandler,Offensive,0.009,5,0.361,0.154,0.125,0.077,0.308,0.077,0.0,0.077,0.125,2.6,0.4,0.2,1.6,1.4
22021,1630530,Trey Murphy III,1610612740,NOP,New Orleans Pelicans,PRBallHandler,Offensive,0.006,62,0.045,0.143,0.077,0.071,0.071,0.071,0.071,0.071,0.077,0.2,0.0,0.0,0.2,0.2
22021,1630686,Georgios Kalaitzakis,1610612760,OKC,Oklahoma City Thunder,PRBallHandler,Offensive,0.003,4,0.175,0.071,0.0,0.071,0.5,0.071,0.0,0.071,0.0,3.5,0.3,0.0,1.5,1.5
22021,1629656,Quentin Grimes,1610612752,NYK,New York Knicks,PRBallHandler,Offensive,0.0,46,0.052,0.0,0.0,0.0,0.357,0.0,0.0,0.0,0.0,0.3,0.0,0.0,0.2,0.2
