close_def_person_id,player,team_id,team,pos,age,gp,g,freq,fgm_lt_06,fga_lt_06,lt_06_pct,ns_lt_06_pct,plusminus
1627734,Domantas Sabonis,1610612758,SAC,F-C,27.0,79,79,0.475,5.39,8.73,0.617,0.651,-0.034
203999,Nikola Jokić,1610612743,DEN,C,28.0,69,69,0.425,5.62,8.62,0.652,0.647,0.005
1626167,Myles Turner,1610612754,IND,C-F,27.0,62,62,0.483,4.82,8.26,0.584,0.65,-0.066
203954,Joel Embiid,1610612755,PHI,C-F,29.0,66,66,0.423,5.12,8.11,0.632,0.645,-0.014
1630596,Evan Mobley,1610612739,CLE,C,22.0,79,79,0.45,4.65,8.08,0.575,0.637,-0.061
201572,Brook Lopez,1610612749,MIL,C,35.0,78,78,0.357,4.17,8.06,0.517,0.649,-0.132
204001,Kristaps Porziņģis,1610612764,WAS,F-C,27.0,65,63,0.459,4.32,8.06,0.536,0.645,-0.109
202696,Nikola Vučević,1610612741,CHI,C,32.0,82,81,0.451,5.12,7.66,0.669,0.652,0.017
203497,Rudy Gobert,1610612750,MIN,C,31.0,70,70,0.413,4.26,7.51,0.567,0.644,-0.078
1627751,Jakob Poeltl,1610612761,TOR,C,27.0,72,72,0.472,4.51,7.46,0.605,0.644,-0.039
203994,Jusuf Nurkić,1610612757,POR,C,28.0,52,51,0.456,4.56,7.38,0.617,0.653,-0.036
1630578,Alperen Sengun,1610612745,HOU,C,20.0,75,75,0.474,4.51,7.32,0.616,0.648,-0.032
203076,Anthony Davis,1610612747,LAL,F-C,30.0,56,56,0.407,4.14,7.04,0.589,0.655,-0.066
1628380,Zach Collins,1610612759,SAS,F-C,25.0,63,63,0.485,4.03,7.02,0.575,0.646,-0.072
1629651,Nic Claxton,1610612751,BKN,C,24.0,76,76,0.44,3.93,7.01,0.561,0.64,-0.079
1631367,Jacob Gilyard,1610612763,MEM,G,24.0,1,1,0.636,6.0,7.0,0.857,0.578,0.28
203482,Kelly Olynyk,1610612762,UTA,F-C,32.0,68,67,0.45,4.19,6.91,0.606,0.641,-0.035
1630567,Scottie Barnes,1610612761,TOR,F,21.0,77,77,0.455,4.22,6.79,0.621,0.64,-0.018
1628386,Jarrett Allen,1610612739,CLE,C,25.0,68,68,0.425,3.76,6.79,0.554,0.641,-0.086
1631117,Walker Kessler,1610612762,UTA,C,21.0,74,74,0.459,3.46,6.72,0.515,0.646,-0.131
1627826,Ivica Zubac,1610612746,LAC,C,26.0,76,75,0.376,3.61,6.66,0.542,0.652,-0.11
1628991,Jaren Jackson Jr.,1610612763,MEM,F-C,23.0,63,62,0.462,3.33,6.52,0.511,0.64,-0.129
1628969,Mikal Bridges,1610612751,BKN,G-F,26.0,26,26,0.429,3.58,6.31,0.567,0.633,-0.066
1630197,Aleksej Pokusevski,1610612760,OKC,F,21.0,34,32,0.542,3.74,6.26,0.596,0.649,-0.053
203500,Steven Adams,1610612763,MEM,C,29.0,42,41,0.438,3.26,6.21,0.525,0.643,-0.118
1628976,Wendell Carter Jr.,1610612753,ORL,C-F,24.0,57,57,0.403,3.7,6.16,0.601,0.64,-0.039
203991,Clint Capela,1610612737,ATL,C,29.0,65,65,0.417,3.6,6.12,0.588,0.649,-0.061
203486,Mason Plumlee,1610612746,LAC,F-C,33.0,79,76,0.433,3.8,6.09,0.624,0.647,-0.023
1629234,Drew Eubanks,1610612757,POR,F-C,26.0,78,77,0.492,3.56,6.04,0.59,0.641,-0.051
1629663,Louis King,1610612755,PHI,F,24.0,1,1,0.462,3.0,6.0,0.5,0.607,-0.107
1631095,Jabari Smith Jr.,1610612745,HOU,F,20.0,79,79,0.408,3.77,5.99,0.63,0.644,-0.014
1629029,Luka Dončić,1610612742,DAL,F-G,24.0,65,65,0.411,4.03,5.97,0.675,0.636,0.04
1628381,John Collins,1610612737,ATL,F-C,25.0,71,71,0.426,3.76,5.94,0.633,0.648,-0.016
1630595,Cade Cunningham,1610612765,DET,G,21.0,12,12,0.382,3.75,5.92,0.634,0.655,-0.021
1630581,Josh Giddey,1610612760,OKC,G,20.0,76,76,0.467,3.54,5.87,0.603,0.642,-0.039
202685,Jonas Valančiūnas,1610612740,NOP,C,31.0,79,79,0.452,3.85,5.86,0.657,0.653,0.004
1629655,Daniel Gafford,1610612764,WAS,F-C,24.0,78,78,0.491,3.22,5.85,0.55,0.651,-0.101
1627832,Fred VanVleet,1610612761,TOR,G,29.0,69,69,0.387,3.68,5.84,0.63,0.63,0.0
201143,Al Horford,1610612738,BOS,C-F,37.0,63,63,0.352,3.4,5.79,0.586,0.641,-0.054
1626220,Royce O'Neale,1610612751,BKN,F,30.0,76,76,0.421,3.42,5.76,0.594,0.636,-0.043
1627741,Buddy Hield,1610612754,IND,G,30.0,80,80,0.4,3.45,5.75,0.6,0.634,-0.034
1630168,Onyeka Okongwu,1610612737,ATL,F-C,22.0,80,78,0.453,3.43,5.73,0.598,0.639,-0.04
1628983,Shai Gilgeous-Alexander,1610612760,OKC,G,24.0,68,68,0.391,3.53,5.72,0.617,0.63,-0.013
1628374,Lauri Markkanen,1610612762,UTA,F-C,26.0,66,65,0.429,2.95,5.71,0.517,0.641,-0.124
1627783,Pascal Siakam,1610612761,TOR,F,29.0,71,71,0.401,3.72,5.69,0.653,0.642,0.012
1631109,Mark Williams,1610612766,CHA,C,21.0,42,39,0.484,3.55,5.67,0.626,0.648,-0.021
1631105,Jalen Duren,1610612765,DET,C,19.0,67,67,0.443,3.33,5.66,0.588,0.649,-0.061
1627749,Dejounte Murray,1610612737,ATL,G,26.0,74,73,0.463,3.66,5.66,0.647,0.63,0.017
1629014,Anfernee Simons,1610612757,POR,G,24.0,62,62,0.403,3.77,5.65,0.669,0.632,0.036
1629023,P.J. Washington,1610612766,CHA,F,24.0,73,73,0.419,3.37,5.64,0.597,0.641,-0.044
1631094,Paolo Banchero,1610612753,ORL,F,20.0,72,72,0.412,3.35,5.49,0.61,0.639,-0.029
201142,Kevin Durant,1610612756,PHX,F,34.0,47,46,0.366,2.98,5.43,0.549,0.636,-0.087
1626174,Christian Wood,1610612742,DAL,F,27.0,67,65,0.44,2.99,5.36,0.557,0.631,-0.074
1628401,Derrick White,1610612738,BOS,G,28.0,80,80,0.418,2.98,5.31,0.56,0.625,-0.065
203110,Draymond Green,1610612744,GSW,F,33.0,73,72,0.349,2.79,5.3,0.527,0.642,-0.115
202331,Paul George,1610612746,LAC,F,33.0,56,54,0.384,3.39,5.3,0.64,0.639,0.001
1627827,Dorian Finney-Smith,1610612751,BKN,F,30.0,66,63,0.4,3.05,5.3,0.574,0.645,-0.071
1628404,Josh Hart,1610612752,NYK,G,28.0,76,75,0.398,3.37,5.24,0.643,0.638,0.005
1630191,Isaiah Stewart,1610612765,DET,F-C,22.0,50,49,0.354,3.16,5.2,0.608,0.654,-0.046
1630163,LaMelo Ball,1610612766,CHA,G,21.0,36,35,0.395,3.31,5.19,0.636,0.625,0.012
1629028,Deandre Ayton,1610612756,PHX,C,24.0,67,67,0.348,3.19,5.19,0.615,0.644,-0.029
1630219,Skylar Mays,1610612757,POR,G,25.0,6,6,0.449,3.83,5.17,0.742,0.624,0.118
1629640,Keldon Johnson,1610612759,SAS,F-G,23.0,63,62,0.453,3.27,5.16,0.634,0.64,-0.006
203903,Jordan Clarkson,1610612762,UTA,G,31.0,61,61,0.441,3.02,5.15,0.586,0.626,-0.04
1626172,Kevon Looney,1610612744,GSW,F,27.0,82,81,0.356,3.09,5.13,0.601,0.643,-0.042
1630183,Jaden McDaniels,1610612750,MIN,F,22.0,79,77,0.391,2.86,5.11,0.559,0.631,-0.072
1629675,Naz Reid,1610612750,MIN,C-F,23.0,68,66,0.494,3.16,5.07,0.623,0.639,-0.016
202681,Kyrie Irving,1610612742,DAL,G,31.0,60,60,0.377,3.05,5.05,0.604,0.631,-0.027
1628389,Bam Adebayo,1610612748,MIA,C-F,25.0,75,73,0.352,3.39,5.05,0.67,0.654,0.016
1630200,Tre Jones,1610612759,SAS,G,23.0,68,65,0.431,3.26,5.04,0.647,0.626,0.021
1629645,Kevin Porter Jr.,1610612745,HOU,G-F,23.0,59,59,0.339,3.59,5.03,0.714,0.636,0.078
1630583,Santi Aldama,1610612763,MEM,F-C,22.0,77,75,0.441,3.1,5.01,0.619,0.632,-0.012
203944,Julius Randle,1610612752,NYK,F-C,28.0,77,76,0.352,3.27,5.01,0.653,0.633,0.02
1631303,Justin Minaya,1610612757,POR,F,24.0,4,4,0.455,3.25,5.0,0.65,0.622,0.028
1630208,Nick Richards,1610612766,CHA,C,25.0,65,62,0.462,2.89,4.98,0.58,0.657,-0.077
1628467,Maxi Kleber,1610612742,DAL,F,31.0,37,35,0.364,3.3,4.97,0.663,0.627,0.036
1630166,Deni Avdija,1610612764,WAS,F,22.0,76,75,0.384,3.0,4.96,0.605,0.639,-0.034
203084,Harrison Barnes,1610612758,SAC,F,31.0,82,80,0.366,3.04,4.94,0.615,0.643,-0.029
1628969,Mikal Bridges,1610612751,BKN,F,26.0,56,55,0.378,3.04,4.93,0.616,0.629,-0.013
1631110,Jeremy Sochan,1610612759,SAS,F,20.0,56,56,0.429,2.88,4.91,0.585,0.637,-0.052
1627759,Jaylen Brown,1610612738,BOS,G-F,26.0,67,67,0.378,2.88,4.87,0.592,0.634,-0.042
1628997,Caleb Martin,1610612748,MIA,F,27.0,71,71,0.373,3.23,4.87,0.662,0.628,0.034
1631093,Jaden Ivey,1610612765,DET,G,21.0,74,73,0.417,3.32,4.86,0.683,0.629,0.055
203992,Bogdan Bogdanović,1610612737,ATL,G,30.0,54,53,0.364,3.07,4.85,0.634,0.631,0.003
1629630,Ja Morant,1610612763,MEM,G,23.0,61,58,0.411,2.74,4.79,0.572,0.628,-0.056
1628398,Kyle Kuzma,1610612764,WAS,F,27.0,64,63,0.39,2.73,4.77,0.574,0.637,-0.064
1626157,Karl-Anthony Towns,1610612750,MIN,C-F,27.0,29,29,0.343,2.76,4.76,0.58,0.627,-0.048
1630165,Killian Hayes,1610612765,DET,G,21.0,76,75,0.413,3.09,4.75,0.651,0.636,0.015
1630563,Joshua Primo,1610612759,SAS,G,20.0,4,4,0.463,2.75,4.75,0.579,0.602,-0.023
1630162,Anthony Edwards,1610612750,MIN,G,21.0,79,79,0.383,3.0,4.75,0.632,0.625,0.007
1630559,Austin Reaves,1610612747,LAL,G,25.0,64,61,0.35,2.92,4.75,0.615,0.623,-0.008
203507,Giannis Antetokounmpo,1610612749,MIL,F,28.0,62,60,0.373,2.27,4.74,0.48,0.646,-0.167
1628989,Kevin Huerter,1610612758,SAC,G-F,24.0,75,74,0.397,3.12,4.69,0.665,0.634,0.031
201950,Jrue Holiday,1610612749,MIL,G,33.0,67,67,0.338,2.82,4.69,0.602,0.636,-0.035
1629020,Jarred Vanderbilt,1610612747,LAL,F,24.0,78,74,0.43,2.92,4.64,0.63,0.642,-0.012
1630170,Devin Vassell,1610612759,SAS,G-F,22.0,38,38,0.481,2.92,4.61,0.634,0.63,0.005
1628369,Jayson Tatum,1610612738,BOS,F-G,25.0,74,73,0.389,2.88,4.61,0.625,0.63,-0.006
1630543,Isaiah Jackson,1610612754,IND,F,21.0,63,61,0.486,2.67,4.59,0.581,0.641,-0.059
201942,DeMar DeRozan,1610612741,CHI,G-F,33.0,74,72,0.383,3.01,4.57,0.66,0.642,0.018
1629628,RJ Barrett,1610612752,NYK,F-G,23.0,72,71,0.341,2.57,4.56,0.564,0.619,-0.055
203081,Damian Lillard,1610612757,POR,G,32.0,58,56,0.41,3.1,4.55,0.682,0.629,0.053
1631097,Bennedict Mathurin,1610612754,IND,G-F,21.0,78,78,0.44,2.69,4.55,0.592,0.636,-0.045
203952,Andrew Wiggins,1610612744,GSW,F,28.0,37,36,0.339,2.78,4.54,0.613,0.638,-0.025
1628418,Thomas Bryant,1610612743,DEN,C-F,25.0,58,55,0.432,3.12,4.53,0.688,0.646,0.043
203939,Dwight Powell,1610612742,DAL,F-C,31.0,76,74,0.41,2.82,4.53,0.622,0.642,-0.02
1630164,James Wiseman,1610612765,DET,C,22.0,44,43,0.452,3.05,4.52,0.673,0.649,0.025
203468,CJ McCollum,1610612740,NOP,G,31.0,75,75,0.329,3.19,4.51,0.707,0.634,0.073
1630214,Xavier Tillman,1610612763,MEM,F,24.0,59,55,0.426,2.49,4.49,0.555,0.631,-0.076
1630530,Trey Murphy III,1610612740,NOP,F,23.0,79,78,0.392,2.99,4.48,0.667,0.636,0.031
1629631,De'Andre Hunter,1610612737,ATL,F-G,25.0,67,66,0.355,2.78,4.46,0.622,0.638,-0.016
1628978,Donte DiVincenzo,1610612744,GSW,G,26.0,72,68,0.398,2.69,4.46,0.604,0.626,-0.022
1630570,Trendon Watford,1610612757,POR,F,22.0,60,54,0.46,2.9,4.45,0.652,0.636,0.016
1627732,Ben Simmons,1610612751,BKN,G-F,26.0,42,42,0.425,2.74,4.45,0.615,0.644,-0.029
1629639,Tyler Herro,1610612748,MIA,G,23.0,67,65,0.361,2.88,4.45,0.648,0.63,0.018
1629011,Mitchell Robinson,1610612752,NYK,C-F,25.0,59,59,0.382,2.54,4.44,0.573,0.644,-0.072
1628368,De'Aaron Fox,1610612758,SAC,G,25.0,73,72,0.333,3.05,4.42,0.69,0.631,0.059
1631114,Jalen Williams,1610612760,OKC,G-F,22.0,75,74,0.453,2.79,4.4,0.633,0.635,-0.001
1627750,Jamal Murray,1610612743,DEN,G,26.0,65,65,0.354,3.03,4.4,0.689,0.624,0.065
2544,LeBron James,1610612747,LAL,F,38.0,55,53,0.387,2.58,4.4,0.587,0.643,-0.057
1628971,Bruce Brown,1610612743,DEN,G-F,26.0,80,75,0.366,2.78,4.39,0.632,0.626,0.006
1628963,Marvin Bagley III,1610612765,DET,F,24.0,42,40,0.387,2.6,4.38,0.592,0.656,-0.063
202695,Kawhi Leonard,1610612746,LAC,F,32.0,52,51,0.36,2.48,4.38,0.566,0.641,-0.075
1626162,Kelly Oubre Jr.,1610612766,CHA,F-G,27.0,48,47,0.395,2.75,4.38,0.629,0.63,-0.002
201144,Mike Conley,1610612750,MIN,G,35.0,67,67,0.378,2.75,4.37,0.628,0.63,-0.002
1626156,D'Angelo Russell,1610612747,LAL,G,27.0,71,69,0.39,2.68,4.37,0.613,0.619,-0.006
1626171,Bobby Portis,1610612749,MIL,F,28.0,70,68,0.401,2.74,4.36,0.63,0.641,-0.012
1630172,Patrick Williams,1610612741,CHI,F,21.0,82,81,0.392,2.66,4.35,0.611,0.637,-0.026
203924,Jerami Grant,1610612757,POR,F,29.0,63,62,0.385,2.6,4.35,0.599,0.638,-0.039
1630193,Immanuel Quickley,1610612752,NYK,G,24.0,81,81,0.366,2.49,4.35,0.574,0.623,-0.049
1629001,De'Anthony Melton,1610612755,PHI,G,25.0,77,75,0.358,2.77,4.35,0.636,0.623,0.013
203937,Kyle Anderson,1610612750,MIN,F-G,29.0,68,67,0.399,2.54,4.34,0.586,0.63,-0.044
1630174,Aaron Nesmith,1610612754,IND,G-F,23.0,73,72,0.421,2.73,4.34,0.628,0.646,-0.019
1630173,Precious Achiuwa,1610612761,TOR,F,23.0,55,53,0.437,2.65,4.31,0.616,0.645,-0.029
1630224,Jalen Green,1610612745,HOU,G,21.0,76,71,0.375,2.68,4.3,0.624,0.636,-0.012
201935,James Harden,1610612755,PHI,G,33.0,58,55,0.333,2.9,4.28,0.677,0.634,0.044
1630188,Jalen Smith,1610612754,IND,F-C,23.0,67,63,0.461,2.6,4.28,0.606,0.641,-0.035
1626179,Terry Rozier,1610612766,CHA,G,29.0,63,58,0.339,2.79,4.27,0.654,0.624,0.031
1626164,Devin Booker,1610612756,PHX,G,26.0,53,50,0.331,2.77,4.26,0.65,0.633,0.018
1630557,Corey Kispert,1610612764,WAS,F,24.0,74,73,0.41,2.59,4.26,0.61,0.63,-0.02
1630526,Jeremiah Robinson-Earl,1610612760,OKC,F,22.0,42,41,0.432,2.62,4.24,0.618,0.646,-0.028
1630529,Herbert Jones,1610612740,NOP,F,24.0,66,62,0.361,2.85,4.24,0.671,0.636,0.036
203932,Aaron Gordon,1610612743,DEN,F,27.0,68,67,0.381,2.57,4.21,0.612,0.636,-0.024
1631466,Nate Williams,1610612757,POR,G,24.0,5,5,0.467,2.8,4.2,0.667,0.621,0.045
101108,Chris Paul,1610612756,PHX,G,38.0,59,58,0.379,2.53,4.2,0.601,0.634,-0.033
1628384,OG Anunoby,1610612761,TOR,F,25.0,67,67,0.366,2.42,4.19,0.577,0.642,-0.066
1627747,Caris LeVert,1610612739,CLE,G,28.0,74,73,0.386,2.46,4.18,0.589,0.627,-0.038
1630169,Tyrese Haliburton,1610612754,IND,G,23.0,56,56,0.412,2.68,4.16,0.644,0.631,0.013
203915,Spencer Dinwiddie,1610612751,BKN,G,30.0,79,77,0.377,2.52,4.15,0.607,0.632,-0.025
202711,Bojan Bogdanović,1610612765,DET,F,34.0,59,58,0.371,2.88,4.15,0.694,0.642,0.052
1629027,Trae Young,1610612737,ATL,G,24.0,73,70,0.387,2.63,4.15,0.634,0.614,0.02
1626153,Delon Wright,1610612764,WAS,G,31.0,50,50,0.391,2.64,4.12,0.641,0.628,0.013
1628415,Dillon Brooks,1610612763,MEM,G-F,27.0,73,71,0.322,2.38,4.1,0.582,0.627,-0.045
201976,Patrick Beverley,1610612741,CHI,G,34.0,67,66,0.384,2.85,4.09,0.697,0.64,0.057
1628972,Troy Brown Jr.,1610612747,LAL,G-F,23.0,76,73,0.359,2.72,4.07,0.67,0.633,0.037
203471,Dennis Schröder,1610612747,LAL,G,29.0,66,65,0.335,2.68,4.06,0.66,0.618,0.042
1628392,Isaiah Hartenstein,1610612752,NYK,C-F,25.0,82,79,0.407,2.34,4.05,0.578,0.641,-0.063
1629614,Andrew Nembhard,1610612754,IND,G-F,23.0,75,69,0.352,2.32,4.01,0.578,0.631,-0.053
1631099,Keegan Murray,1610612758,SAC,F,22.0,80,79,0.411,2.51,4.0,0.628,0.631,-0.003
1630643,Jay Huff,1610612764,WAS,C,25.0,6,4,0.5,2.33,4.0,0.583,0.659,-0.075
1629656,Quentin Grimes,1610612752,NYK,G,23.0,70,65,0.344,2.47,4.0,0.618,0.624,-0.006
201587,Nicolas Batum,1610612746,LAC,G-F,34.0,78,74,0.46,2.35,3.97,0.59,0.636,-0.046
203897,Zach LaVine,1610612741,CHI,G,28.0,77,77,0.309,2.39,3.97,0.601,0.631,-0.029
203493,Reggie Bullock Jr.,1610612742,DAL,G-F,32.0,78,74,0.393,2.5,3.96,0.631,0.637,-0.006
1630587,Isaiah Livers,1610612765,DET,F,24.0,52,48,0.423,2.17,3.94,0.551,0.624,-0.073
1631230,Dominick Barlow,1610612759,SAS,F,20.0,28,26,0.507,2.18,3.93,0.555,0.644,-0.09
1629627,Zion Williamson,1610612740,NOP,F,22.0,29,29,0.32,2.38,3.93,0.605,0.631,-0.026
1630237,Anthony Lamb,1610612744,GSW,F,25.0,62,59,0.434,2.27,3.92,0.58,0.621,-0.04
1627742,Brandon Ingram,1610612740,NOP,F,25.0,45,44,0.346,2.4,3.89,0.617,0.639,-0.022
1629723,John Konchar,1610612763,MEM,G,27.0,71,67,0.412,2.35,3.89,0.605,0.62,-0.015
203490,Otto Porter Jr.,1610612761,TOR,F,30.0,8,7,0.534,2.63,3.88,0.677,0.618,0.059
1629021,Moritz Wagner,1610612753,ORL,F-C,26.0,57,55,0.37,2.81,3.86,0.727,0.653,0.074
1629647,Darius Bazley,1610612756,PHX,F,23.0,42,40,0.451,2.17,3.86,0.562,0.643,-0.081
1629661,Cameron Johnson,1610612751,BKN,F,27.0,42,38,0.351,2.33,3.86,0.605,0.636,-0.031
202694,Marcus Morris Sr.,1610612746,LAC,F,33.0,65,64,0.377,2.49,3.86,0.645,0.634,0.011
1631119,Jaylin Williams,1610612760,OKC,F,21.0,49,47,0.39,2.73,3.86,0.709,0.648,0.061
1628420,Monté Morris,1610612764,WAS,G,28.0,62,60,0.396,2.47,3.84,0.643,0.626,0.017
1629652,Luguentz Dort,1610612760,OKC,G,24.0,74,69,0.31,2.5,3.84,0.651,0.628,0.023
203501,Tim Hardaway Jr.,1610612742,DAL,G-F,31.0,71,71,0.329,2.46,3.83,0.643,0.631,0.012
202687,Bismack Biyombo,1610612756,PHX,C,30.0,60,57,0.472,1.93,3.83,0.504,0.647,-0.143
1630217,Desmond Bane,1610612763,MEM,G,25.0,58,57,0.331,2.21,3.81,0.579,0.627,-0.048
201939,Stephen Curry,1610612744,GSW,G,35.0,56,56,0.33,2.39,3.79,0.632,0.623,0.009
203457,Nerlens Noel,1610612751,BKN,C-F,29.0,14,14,0.5,2.64,3.79,0.698,0.651,0.047
1630577,Julian Champagnie,1610612759,SAS,F,22.0,16,15,0.472,2.31,3.75,0.617,0.627,-0.01
1629636,Darius Garland,1610612739,CLE,G,23.0,69,68,0.346,2.39,3.75,0.637,0.625,0.012
1630532,Franz Wagner,1610612753,ORL,F,21.0,80,80,0.328,2.56,3.74,0.686,0.642,0.043
1628973,Jalen Brunson,1610612752,NYK,G,26.0,68,68,0.297,2.49,3.74,0.665,0.617,0.049
1629667,Jalen McDaniels,1610612755,PHI,F-C,25.0,80,74,0.355,2.34,3.74,0.625,0.629,-0.003
1628470,Torrey Craig,1610612756,PHX,F,32.0,79,77,0.373,2.14,3.71,0.577,0.636,-0.059
1629677,Luka Samanic,1610612762,UTA,F,23.0,7,7,0.4,2.43,3.71,0.654,0.654,0.0
1628221,Gabe York,1610612754,IND,G,29.0,3,3,0.55,2.67,3.67,0.727,0.657,0.07
1630537,Chris Duarte,1610612754,IND,G,26.0,46,42,0.4,2.33,3.67,0.633,0.62,0.013
1628372,Dennis Smith Jr.,1610612766,CHA,G,25.0,54,51,0.355,1.96,3.67,0.535,0.612,-0.077
1628378,Donovan Mitchell,1610612739,CLE,G,26.0,68,66,0.361,2.47,3.66,0.675,0.625,0.05
1629111,Jock Landale,1610612756,PHX,C,27.0,68,64,0.451,2.07,3.65,0.569,0.645,-0.076
1630228,Jonathan Kuminga,1610612744,GSW,F,20.0,66,64,0.373,2.15,3.65,0.589,0.636,-0.047
200768,Kyle Lowry,1610612748,MIA,G,37.0,55,53,0.34,2.44,3.65,0.667,0.635,0.032
1629634,Brandon Clarke,1610612763,MEM,F,26.0,56,54,0.449,1.95,3.64,0.534,0.633,-0.099
1629117,Wenyen Gabriel,1610612747,LAL,F,26.0,66,62,0.433,2.08,3.64,0.571,0.636,-0.066
1630598,Aaron Wiggins,1610612760,OKC,G,24.0,68,64,0.398,2.21,3.63,0.607,0.622,-0.015
1629633,Jarrett Culver,1610612737,ATL,G-F,24.0,8,6,0.446,2.38,3.63,0.655,0.636,0.019
1627936,Alex Caruso,1610612741,CHI,G,29.0,67,65,0.328,2.21,3.63,0.609,0.625,-0.016
1629629,Cam Reddish,1610612757,POR,F-G,23.0,40,39,0.361,2.33,3.6,0.646,0.633,0.012
1627885,Shaquille Harrison,1610612747,LAL,G,29.0,5,5,0.474,2.4,3.6,0.667,0.616,0.051
1629646,Charles Bassey,1610612759,SAS,C-F,22.0,33,29,0.459,2.03,3.58,0.568,0.645,-0.077
1627736,Malik Beasley,1610612747,LAL,G,26.0,81,74,0.404,2.28,3.57,0.64,0.63,0.01
203109,Jae Crowder,1610612749,MIL,F,32.0,18,18,0.432,1.94,3.56,0.547,0.618,-0.072
1629139,Yuta Watanabe,1610612751,BKN,G-F,28.0,55,49,0.441,2.24,3.56,0.628,0.624,0.004
1629008,Michael Porter Jr.,1610612743,DEN,F,25.0,62,59,0.404,2.27,3.55,0.641,0.634,0.007
1628966,Keita Bates-Diop,1610612759,SAS,F,27.0,66,62,0.385,2.23,3.55,0.628,0.642,-0.013
202699,Tobias Harris,1610612755,PHI,F,30.0,74,71,0.339,2.32,3.55,0.654,0.637,0.017
1626195,Willy Hernangomez,1610612740,NOP,C-F,29.0,35,34,0.5,2.43,3.54,0.685,0.649,0.037
1628365,Markelle Fultz,1610612753,ORL,G,25.0,60,58,0.345,2.47,3.53,0.698,0.63,0.068
1630572,Sandro Mamukelashvili,1610612759,SAS,F-C,24.0,38,36,0.435,2.32,3.53,0.657,0.635,0.021
201566,Russell Westbrook,1610612746,LAC,G,34.0,73,68,0.36,2.21,3.53,0.624,0.631,-0.007
1630245,Ayo Dosunmu,1610612741,CHI,G,23.0,80,76,0.359,2.2,3.5,0.629,0.622,0.007
1628960,Grayson Allen,1610612749,MIL,G,27.0,72,70,0.342,2.32,3.49,0.665,0.631,0.034
1629643,Chuma Okeke,1610612753,ORL,F,24.0,25,24,0.416,2.24,3.48,0.644,0.641,0.003
1626204,Larry Nance Jr.,1610612740,NOP,F-C,30.0,65,61,0.425,2.37,3.48,0.681,0.652,0.03
203078,Bradley Beal,1610612764,WAS,G,30.0,50,47,0.305,2.1,3.48,0.603,0.636,-0.032
1630700,Dyson Daniels,1610612740,NOP,G,20.0,57,49,0.377,2.14,3.44,0.622,0.639,-0.016
1629622,Max Strus,1610612748,MIA,G-F,27.0,80,76,0.301,2.36,3.43,0.69,0.631,0.059
1631101,Shaedon Sharpe,1610612757,POR,G,20.0,80,75,0.401,2.19,3.41,0.641,0.627,0.014
1627739,Kris Dunn,1610612762,UTA,G,29.0,22,21,0.322,2.27,3.41,0.667,0.633,0.033
1629626,Bol Bol,1610612753,ORL,C-F,23.0,70,63,0.357,2.23,3.4,0.655,0.644,0.011
1631100,AJ Griffin,1610612737,ATL,F,19.0,70,69,0.427,2.17,3.39,0.641,0.635,0.007
1631132,Christian Koloko,1610612761,TOR,C,23.0,55,53,0.482,1.84,3.38,0.543,0.64,-0.097
1629611,Terance Mann,1610612746,LAC,G-F,26.0,81,79,0.388,2.27,3.38,0.672,0.633,0.039
201567,Kevin Love,1610612748,MIA,F-C,34.0,62,57,0.403,2.18,3.37,0.646,0.644,0.002
1629731,Dean Wade,1610612739,CLE,F-C,26.0,42,39,0.437,2.0,3.36,0.596,0.632,-0.036
1631107,Nikola Jović,1610612748,MIA,F,20.0,12,11,0.421,2.33,3.33,0.7,0.656,0.044
203488,Mike Muscala,1610612738,BOS,F-C,31.0,63,61,0.436,2.03,3.33,0.61,0.643,-0.034
203496,Robert Covington,1610612746,LAC,F,32.0,47,44,0.437,2.06,3.32,0.622,0.629,-0.007
1628964,Mo Bamba,1610612747,LAL,C,25.0,47,42,0.384,2.02,3.32,0.609,0.636,-0.027
202710,Jimmy Butler III,1610612748,MIA,F,33.0,64,59,0.305,2.27,3.31,0.684,0.634,0.05
1627763,Malcolm Brogdon,1610612738,BOS,G,30.0,67,63,0.371,2.04,3.31,0.617,0.632,-0.015
202704,Reggie Jackson,1610612743,DEN,G,33.0,67,64,0.316,2.0,3.3,0.606,0.621,-0.015
202691,Klay Thompson,1610612744,GSW,G,33.0,69,68,0.338,2.26,3.3,0.684,0.639,0.045
1630175,Cole Anthony,1610612753,ORL,G,23.0,60,54,0.309,2.23,3.3,0.677,0.633,0.044
1628464,Daniel Theis,1610612754,IND,F-C,31.0,7,7,0.46,2.14,3.29,0.652,0.685,-0.033
1629684,Grant Williams,1610612738,BOS,F,24.0,79,72,0.318,2.11,3.28,0.645,0.633,0.012
203484,Kentavious Caldwell-Pope,1610612743,DEN,G,30.0,76,73,0.348,2.32,3.28,0.707,0.62,0.087
1626192,Pat Connaughton,1610612749,MIL,G,30.0,61,54,0.361,1.79,3.26,0.548,0.645,-0.097
203086,Meyers Leonard,1610612749,MIL,F-C,31.0,8,5,0.295,2.38,3.25,0.731,0.628,0.103
1631245,Quenton Jackson,1610612764,WAS,G,24.0,8,6,0.448,2.25,3.25,0.692,0.624,0.068
202692,Alec Burks,1610612765,DET,G,31.0,51,50,0.437,1.96,3.24,0.606,0.63,-0.024
1629006,Josh Okogie,1610612756,PHX,G,24.0,65,60,0.398,1.92,3.23,0.595,0.629,-0.034
1630692,Jordan Goodwin,1610612764,WAS,G,24.0,60,55,0.373,1.87,3.22,0.58,0.625,-0.045
1641645,Xavier Cooks,1610612764,WAS,F,27.0,9,7,0.468,2.0,3.22,0.621,0.663,-0.042
1629018,Gary Trent Jr.,1610612761,TOR,G-F,24.0,66,65,0.387,1.98,3.21,0.618,0.63,-0.012
1626159,Justise Winslow,1610612757,POR,F-G,27.0,29,27,0.369,1.86,3.21,0.581,0.642,-0.062
203469,Cody Zeller,1610612748,MIA,F-C,30.0,15,15,0.425,2.2,3.2,0.688,0.662,0.025
1630177,Theo Maledon,1610612766,CHA,G,22.0,44,41,0.419,2.0,3.18,0.629,0.62,0.009
203506,Victor Oladipo,1610612748,MIA,G,31.0,42,40,0.287,2.21,3.17,0.699,0.62,0.079
1629673,Jordan Poole,1610612744,GSW,G,24.0,82,77,0.324,2.05,3.17,0.646,0.629,0.018
203935,Marcus Smart,1610612738,BOS,G,29.0,61,57,0.294,2.11,3.15,0.672,0.634,0.038
1631106,Tari Eason,1610612745,HOU,F,22.0,82,76,0.36,2.06,3.13,0.658,0.633,0.024
1626196,Josh Richardson,1610612740,NOP,G,29.0,65,63,0.38,2.11,3.12,0.675,0.626,0.049
1629057,Robert Williams III,1610612738,BOS,C-F,25.0,35,35,0.286,1.71,3.11,0.55,0.629,-0.078
1629026,Kenrich Williams,1610612760,OKC,G-F,28.0,53,50,0.403,1.91,3.11,0.612,0.626,-0.014
203476,Gorgui Dieng,1610612759,SAS,C,33.0,29,26,0.404,2.03,3.1,0.656,0.636,0.02
1627814,Damion Lee,1610612756,PHX,G-F,30.0,72,69,0.404,2.0,3.1,0.646,0.63,0.015
1630591,Jalen Suggs,1610612753,ORL,G,22.0,53,50,0.318,1.91,3.09,0.616,0.633,-0.017
1630550,JT Thor,1610612766,CHA,F,20.0,65,60,0.447,1.97,3.08,0.64,0.634,0.006
1630194,Paul Reed,1610612755,PHI,F,24.0,63,55,0.455,1.84,3.06,0.601,0.632,-0.031
1628436,Luke Kornet,1610612738,BOS,C-F,27.0,65,52,0.377,1.75,3.06,0.573,0.638,-0.065
1629632,Coby White,1610612741,CHI,G,23.0,74,69,0.309,2.0,3.05,0.655,0.635,0.02
1629022,Lonnie Walker IV,1610612747,LAL,G-F,24.0,54,47,0.336,1.96,3.04,0.646,0.633,0.014
202322,John Wall,1610612746,LAC,G,32.0,34,32,0.387,1.97,3.03,0.65,0.62,0.031
1631103,Malaki Branham,1610612759,SAS,F,20.0,66,62,0.386,1.95,3.03,0.645,0.635,0.01
1631115,Orlando Robinson,1610612748,MIA,C,22.0,30,29,0.479,1.87,3.03,0.615,0.64,-0.025
1628449,Chris Boucher,1610612761,TOR,F-C,30.0,76,73,0.396,1.83,3.01,0.607,0.637,-0.03
1629623,Lindell Wigginton,1610612749,MIL,G,25.0,4,4,0.429,1.75,3.0,0.583,0.628,-0.044
1631212,Peyton Watson,1610612743,DEN,G,20.0,13,10,0.513,1.92,3.0,0.641,0.634,0.007
1630270,Xavier Sneed,1610612766,CHA,F,25.0,4,4,0.6,1.5,3.0,0.5,0.59,-0.09
1630564,RaiQuan Gray,1610612751,BKN,F,23.0,1,1,0.176,1.0,3.0,0.333,0.673,-0.339
1630846,Olivier Sarr,1610612760,OKC,C,24.0,6,6,0.439,1.83,3.0,0.611,0.66,-0.049
202330,Gordon Hayward,1610612766,CHA,F,33.0,50,47,0.302,1.82,2.98,0.611,0.642,-0.031
1630538,Bones Hyland,1610612746,LAC,G,22.0,56,50,0.372,1.95,2.96,0.657,0.614,0.043
1630180,Saddiq Bey,1610612737,ATL,F,24.0,76,68,0.371,2.18,2.96,0.738,0.64,0.098
1630579,Jericho Sims,1610612752,NYK,C,24.0,50,44,0.404,1.94,2.96,0.655,0.653,0.003
1629060,Rui Hachimura,1610612747,LAL,F,25.0,63,57,0.359,1.63,2.94,0.557,0.634,-0.077
1630552,Jalen Johnson,1610612737,ATL,F,21.0,68,59,0.448,1.74,2.93,0.593,0.639,-0.046
1630231,KJ Martin,1610612745,HOU,F,22.0,82,72,0.339,1.84,2.93,0.629,0.648,-0.019
1630178,Tyrese Maxey,1610612755,PHI,G,22.0,60,53,0.309,1.9,2.92,0.651,0.631,0.021
1630230,Naji Marshall,1610612740,NOP,F,25.0,77,67,0.347,1.91,2.92,0.653,0.636,0.017
203083,Andre Drummond,1610612741,CHI,C,29.0,67,59,0.432,1.84,2.91,0.631,0.654,-0.024
201599,DeAndre Jordan,1610612743,DEN,C,34.0,39,34,0.457,1.87,2.9,0.646,0.648,-0.002
202709,Cory Joseph,1610612765,DET,G,31.0,61,54,0.367,1.95,2.89,0.676,0.621,0.055
1629659,Talen Horton-Tucker,1610612762,UTA,G,22.0,63,57,0.349,1.78,2.89,0.615,0.627,-0.012
1627752,Taurean Prince,1610612750,MIN,F,29.0,53,47,0.384,1.74,2.87,0.605,0.622,-0.017
1630181,R.J. Hampton,1610612765,DET,G,22.0,43,39,0.445,1.74,2.84,0.615,0.622,-0.008
1630198,Isaiah Joe,1610612760,OKC,G,23.0,70,65,0.379,1.79,2.83,0.631,0.63,0.002
1630533,Ziaire Williams,1610612763,MEM,F,21.0,35,29,0.365,1.46,2.83,0.515,0.623,-0.108
1630544,Tre Mann,1610612760,OKC,G,22.0,65,60,0.405,1.77,2.83,0.625,0.63,-0.005
1628370,Malik Monk,1610612758,SAC,G,25.0,76,71,0.369,1.7,2.82,0.603,0.627,-0.024
203082,Terrence Ross,1610612756,PHX,G-F,32.0,62,56,0.368,1.92,2.81,0.684,0.631,0.053
1630560,Cam Thomas,1610612751,BKN,G,21.0,53,46,0.416,1.7,2.81,0.604,0.632,-0.028
1629642,Nassir Little,1610612757,POR,F-G,23.0,54,52,0.404,1.78,2.81,0.632,0.626,0.005
1626168,Trey Lyles,1610612758,SAC,F,27.0,74,68,0.412,1.64,2.81,0.582,0.629,-0.047
1630182,Josh Green,1610612742,DAL,G,22.0,60,54,0.348,1.97,2.8,0.702,0.625,0.077
1629013,Landry Shamet,1610612756,PHX,G,26.0,39,32,0.356,1.74,2.79,0.624,0.623,0.001
201145,Jeff Green,1610612743,DEN,F,36.0,56,54,0.347,1.77,2.77,0.639,0.63,0.008
1628379,Luke Kennard,1610612763,MEM,G,27.0,59,54,0.355,1.75,2.76,0.632,0.624,0.008
1630586,Usman Garuba,1610612745,HOU,F,21.0,75,69,0.389,1.76,2.75,0.641,0.638,0.003
1631133,Jabari Walker,1610612757,POR,F,20.0,51,40,0.523,1.51,2.73,0.554,0.625,-0.071
1629002,Chimezie Metu,1610612758,SAC,F-C,26.0,62,57,0.432,1.6,2.73,0.586,0.638,-0.053
1630192,Zeke Nnaji,1610612743,DEN,F-C,22.0,50,43,0.416,1.6,2.72,0.588,0.637,-0.049
1631223,David Roddy,1610612763,MEM,F,22.0,69,66,0.348,1.54,2.71,0.567,0.622,-0.055
1629670,Jordan Nwora,1610612754,IND,F,24.0,59,53,0.369,1.76,2.71,0.65,0.626,0.024
203933,T.J. Warren,1610612756,PHX,F,29.0,40,34,0.452,1.8,2.7,0.667,0.651,0.015
203114,Khris Middleton,1610612749,MIL,F,31.0,33,29,0.286,1.82,2.7,0.674,0.62,0.054
200782,P.J. Tucker,1610612755,PHI,F,38.0,74,69,0.275,1.77,2.7,0.655,0.645,0.01
203200,Justin Holiday,1610612742,DAL,F-G,34.0,44,39,0.428,1.75,2.68,0.653,0.643,0.01
1627823,Juancho Hernangomez,1610612761,TOR,F,27.0,40,35,0.41,1.68,2.68,0.626,0.635,-0.009
1630256,Jae'Sean Tate,1610612745,HOU,F,27.0,31,29,0.319,1.29,2.68,0.482,0.621,-0.139
1629638,Nickeil Alexander-Walker,1610612750,MIN,G,24.0,54,49,0.379,1.48,2.67,0.556,0.624,-0.069
1630225,Isaiah Todd,1610612764,WAS,F,21.0,3,2,0.444,1.0,2.67,0.375,0.617,-0.242
1628977,Hamidou Diallo,1610612765,DET,G,24.0,56,50,0.409,1.55,2.66,0.584,0.644,-0.06
1630205,Lamar Stevens,1610612739,CLE,F,25.0,60,51,0.327,1.52,2.65,0.572,0.631,-0.059
1629012,Collin Sexton,1610612762,UTA,G,24.0,48,44,0.347,1.67,2.65,0.63,0.621,0.009
201152,Thaddeus Young,1610612761,TOR,F,35.0,53,48,0.405,1.98,2.64,0.75,0.645,0.105
1630568,Luka Garza,1610612750,MIN,C,24.0,24,17,0.47,1.79,2.63,0.683,0.651,0.032
1630534,Ochai Agbaji,1610612762,UTA,G,23.0,56,46,0.308,1.57,2.63,0.599,0.624,-0.025
1631172,Ousmane Dieng,1610612760,OKC,F,20.0,38,32,0.446,1.39,2.63,0.53,0.61,-0.08
1629660,Ty Jerome,1610612744,GSW,G-F,25.0,43,39,0.342,1.7,2.63,0.646,0.623,0.023
1629312,Haywood Highsmith,1610612748,MIA,F,26.0,50,44,0.326,1.5,2.62,0.573,0.622,-0.049
1631219,John Butler Jr.,1610612757,POR,F,20.0,18,15,0.448,1.5,2.61,0.574,0.629,-0.054
201580,JaVale McGee,1610612742,DAL,C-F,35.0,41,37,0.498,1.68,2.61,0.645,0.643,0.001
1629669,Jaylen Nowell,1610612750,MIN,G,23.0,65,56,0.433,1.86,2.6,0.716,0.626,0.09
1629004,Svi Mykhailiuk,1610612766,CHA,G-F,26.0,25,20,0.387,1.72,2.6,0.662,0.622,0.039
1626181,Norman Powell,1610612746,LAC,G,30.0,60,55,0.333,1.73,2.6,0.667,0.622,0.045
1630573,Sam Hauser,1610612738,BOS,F,25.0,77,69,0.394,1.53,2.6,0.59,0.618,-0.028
1630549,Day'Ron Sharpe,1610612751,BKN,C,21.0,46,34,0.378,1.54,2.59,0.597,0.647,-0.05
1629052,Oshae Brissett,1610612754,IND,F-G,25.0,64,58,0.457,1.56,2.58,0.606,0.637,-0.031
1630593,McKinley Wright IV,1610612742,DAL,G,24.0,23,18,0.407,1.61,2.57,0.627,0.62,0.007
1627777,Georges Niang,1610612755,PHI,F,30.0,78,71,0.345,1.71,2.56,0.665,0.631,0.034
201577,Robin Lopez,1610612739,CLE,C,35.0,34,28,0.478,1.62,2.56,0.632,0.652,-0.02
1631128,Christian Braun,1610612743,DEN,G,22.0,66,57,0.363,1.65,2.55,0.649,0.641,0.008
1627780,Gary Payton II,1610612744,GSW,G,30.0,22,19,0.415,1.55,2.55,0.607,0.643,-0.036
203925,Joe Harris,1610612751,BKN,G-F,31.0,74,65,0.349,1.62,2.54,0.638,0.641,-0.003
1629216,Gabe Vincent,1610612748,MIA,G,27.0,68,57,0.255,1.71,2.53,0.674,0.622,0.053
1626145,Tyus Jones,1610612763,MEM,G,27.0,79,73,0.366,1.52,2.52,0.603,0.619,-0.016
203926,Doug McDermott,1610612759,SAS,F,31.0,64,59,0.355,1.5,2.52,0.596,0.632,-0.035
1626149,Montrezl Harrell,1610612755,PHI,F-C,29.0,54,46,0.375,1.61,2.52,0.64,0.638,0.002
1630547,James Bouknight,1610612766,CHA,G,22.0,31,27,0.379,1.58,2.52,0.628,0.627,0.001
203967,Dario Šarić,1610612760,OKC,F-C,29.0,56,45,0.41,1.63,2.52,0.645,0.641,0.005
2738,Andre Iguodala,1610612744,GSW,G-F,39.0,8,8,0.392,1.63,2.5,0.65,0.612,0.038
1627745,Damian Jones,1610612762,UTA,C,28.0,34,33,0.371,1.32,2.5,0.529,0.646,-0.117
1630695,Micah Potter,1610612762,UTA,C,25.0,6,6,0.469,2.0,2.5,0.8,0.625,0.175
200752,Rudy Gay,1610612762,UTA,F-G,36.0,56,49,0.436,1.41,2.48,0.568,0.627,-0.059
1629048,Goga Bitadze,1610612753,ORL,C-F,23.0,36,31,0.438,1.39,2.47,0.562,0.655,-0.094
1630558,Davion Mitchell,1610612758,SAC,G,24.0,80,74,0.338,1.68,2.46,0.68,0.616,0.064
201933,Blake Griffin,1610612738,BOS,F,34.0,40,34,0.31,1.65,2.45,0.673,0.635,0.038
1628981,Bruno Fernando,1610612737,ATL,F-C,24.0,37,32,0.448,1.46,2.43,0.6,0.641,-0.041
1630227,Daishen Nix,1610612745,HOU,G,21.0,55,50,0.405,1.58,2.42,0.654,0.629,0.026
1628373,Frank Ntilikina,1610612742,DAL,G,24.0,41,34,0.404,1.54,2.41,0.636,0.628,0.008
201569,Eric Gordon,1610612746,LAC,G,34.0,68,61,0.323,1.71,2.4,0.712,0.628,0.084
1630631,Jose Alvarado,1610612740,NOP,G,25.0,61,52,0.285,1.64,2.39,0.685,0.631,0.054
1629750,Javonte Green,1610612741,CHI,G,29.0,32,28,0.349,1.31,2.38,0.553,0.642,-0.089
1626169,Stanley Johnson,1610612759,SAS,F-G,27.0,29,27,0.399,1.24,2.38,0.522,0.619,-0.098
1626166,Cameron Payne,1610612756,PHX,G,28.0,47,42,0.39,1.55,2.38,0.652,0.63,0.022
1631104,Blake Wesley,1610612759,SAS,G,20.0,37,31,0.383,1.43,2.38,0.602,0.608,-0.005
204456,T.J. McConnell,1610612754,IND,G,31.0,75,66,0.359,1.45,2.37,0.612,0.623,-0.01
1630171,Isaac Okoro,1610612739,CLE,F-G,22.0,76,67,0.327,1.3,2.37,0.55,0.628,-0.078
1628975,Jevon Carter,1610612749,MIL,G,27.0,81,75,0.328,1.51,2.37,0.635,0.619,0.017
203210,JaMychal Green,1610612744,GSW,F-C,33.0,57,48,0.402,1.6,2.35,0.679,0.641,0.039
1631121,Bryce McGowens,1610612766,CHA,G,20.0,41,38,0.392,1.39,2.34,0.594,0.606,-0.012
202689,Kemba Walker,1610612742,DAL,G,33.0,9,6,0.396,1.67,2.33,0.714,0.632,0.082
1630539,Kai Jones,1610612766,CHA,C-F,22.0,41,32,0.44,1.05,2.32,0.453,0.631,-0.178
1628984,Devonte' Graham,1610612759,SAS,G,28.0,73,59,0.341,1.67,2.32,0.722,0.628,0.094
1630696,Dru Smith,1610612751,BKN,G,25.0,13,11,0.411,1.38,2.31,0.6,0.625,-0.025
1629680,Matisse Thybulle,1610612757,POR,G-F,26.0,67,51,0.371,1.49,2.31,0.645,0.626,0.019
203914,Gary Harris,1610612753,ORL,G,28.0,48,42,0.291,1.52,2.31,0.658,0.644,0.014
203085,Austin Rivers,1610612750,MIN,G,30.0,48,44,0.33,1.56,2.31,0.676,0.62,0.056
1629134,Kendrick Nunn,1610612764,WAS,G,27.0,63,55,0.378,1.46,2.3,0.634,0.626,0.008
1629308,Juan Toscano-Anderson,1610612762,UTA,F,30.0,48,40,0.341,1.48,2.29,0.645,0.643,0.003
1631098,Johnny Davis,1610612764,WAS,G,21.0,24,17,0.407,1.58,2.29,0.691,0.631,0.06
204060,Joe Ingles,1610612749,MIL,F-G,35.0,46,36,0.344,1.41,2.28,0.619,0.623,-0.004
203552,Seth Curry,1610612751,BKN,G,32.0,60,50,0.325,1.57,2.27,0.691,0.624,0.067
1627884,Derrick Jones Jr.,1610612741,CHI,F,26.0,61,51,0.39,1.41,2.26,0.623,0.631,-0.008
203473,Dewayne Dedmon,1610612755,PHI,C,33.0,38,33,0.404,1.29,2.26,0.57,0.654,-0.084
203115,Will Barton,1610612761,TOR,G,32.0,53,44,0.411,1.6,2.26,0.708,0.64,0.068
1629603,Mamadi Diakite,1610612739,CLE,F,26.0,19,13,0.453,1.58,2.26,0.698,0.63,0.068
1630613,Duane Washington Jr.,1610612752,NYK,G,23.0,28,22,0.401,1.46,2.25,0.651,0.645,0.006
1631217,Moussa Diabaté,1610612746,LAC,F,21.0,21,19,0.48,1.38,2.24,0.617,0.637,-0.02
1631108,Max Christie,1610612747,LAL,G,20.0,34,26,0.318,1.18,2.24,0.526,0.627,-0.101
1629056,Terence Davis,1610612758,SAC,G,26.0,60,51,0.39,1.45,2.23,0.649,0.62,0.029
1627863,Danuel House Jr.,1610612755,PHI,F-G,30.0,51,38,0.383,1.43,2.22,0.646,0.624,0.022
1631222,Jake LaRavia,1610612763,MEM,F,21.0,33,26,0.374,1.27,2.21,0.575,0.616,-0.041
201588,George Hill,1610612754,IND,G,37.0,46,37,0.317,1.26,2.2,0.574,0.609,-0.034
1629676,Isaiah Roby,1610612752,NYK,F,25.0,41,33,0.423,1.37,2.2,0.622,0.638,-0.016
1630556,Kessler Edwards,1610612758,SAC,F,22.0,32,25,0.368,1.19,2.19,0.543,0.647,-0.104
1630541,Moses Moody,1610612744,GSW,G,21.0,60,49,0.419,1.37,2.18,0.626,0.623,0.003
1628998,Cody Martin,1610612766,CHA,F,27.0,6,5,0.255,1.5,2.17,0.692,0.618,0.074
1629641,Romeo Langford,1610612759,SAS,G-F,23.0,41,37,0.324,1.44,2.17,0.663,0.631,0.032
1628427,Vlatko Čančar,1610612743,DEN,F,26.0,51,43,0.364,1.55,2.16,0.718,0.635,0.083
1630647,Eugene Omoruyi,1610612765,DET,F,26.0,39,33,0.361,1.1,2.15,0.512,0.637,-0.125
201937,Ricky Rubio,1610612739,CLE,G,32.0,33,26,0.368,1.3,2.15,0.606,0.613,-0.007
1630240,Saben Lee,1610612756,PHX,G,24.0,22,18,0.318,1.45,2.14,0.681,0.614,0.067
1630699,MarJon Beauchamp,1610612749,MIL,F,22.0,48,39,0.383,1.35,2.13,0.637,0.616,0.021
1630322,Lindy Waters III,1610612760,OKC,F,25.0,40,35,0.36,1.3,2.13,0.612,0.641,-0.029
201586,Serge Ibaka,1610612749,MIL,F,33.0,16,14,0.312,1.13,2.13,0.529,0.624,-0.095
1630561,David Duke Jr.,1610612751,BKN,G,23.0,17,12,0.414,1.35,2.12,0.639,0.628,0.011
1630527,Brandon Boston,1610612746,LAC,G,21.0,19,16,0.435,1.26,2.11,0.6,0.61,-0.01
1629033,Theo Pinson,1610612742,DAL,G-F,27.0,28,22,0.457,1.57,2.11,0.746,0.621,0.124
1630264,Anthony Gill,1610612764,WAS,F,30.0,48,36,0.385,1.23,2.1,0.584,0.641,-0.057
1629650,Moses Brown,1610612751,BKN,C,23.0,35,29,0.384,1.11,2.09,0.534,0.64,-0.106
1631216,Caleb Houstan,1610612753,ORL,G,20.0,48,40,0.373,1.1,2.04,0.541,0.637,-0.097
203095,Evan Fournier,1610612752,NYK,G-F,30.0,24,20,0.327,1.58,2.04,0.776,0.615,0.161
1630702,Jaden Hardy,1610612742,DAL,G,20.0,45,33,0.354,1.44,2.04,0.707,0.628,0.078
1629674,Neemias Queta,1610612758,SAC,C,23.0,5,3,0.526,1.4,2.0,0.7,0.636,0.064
202722,Dāvis Bertāns,1610612742,DAL,F,30.0,45,35,0.411,1.13,2.0,0.567,0.633,-0.066
1630235,Trent Forrest,1610612737,ATL,G,25.0,22,17,0.338,1.23,2.0,0.614,0.629,-0.015
1630553,Keon Johnson,1610612757,POR,G,21.0,32,24,0.418,1.25,2.0,0.625,0.607,0.018
1630206,Jay Scrubb,1610612753,ORL,G,22.0,1,1,0.286,1.0,2.0,0.5,0.529,-0.029
1630637,Carlik Jones,1610612741,CHI,G,25.0,3,2,0.375,2.0,2.0,1.0,0.648,0.353
2617,Udonis Haslem,1610612748,MIA,F,43.0,7,6,0.424,1.14,2.0,0.571,0.651,-0.08
1630528,Josh Christopher,1610612745,HOU,G,21.0,58,47,0.386,1.29,1.97,0.658,0.63,0.028
1630540,Miles McBride,1610612752,NYK,G,22.0,58,43,0.329,1.07,1.97,0.544,0.618,-0.074
1629003,Shake Milton,1610612755,PHI,G-F,26.0,75,62,0.312,1.29,1.96,0.66,0.62,0.04
1629162,Jordan McLaughlin,1610612750,MIN,G,27.0,43,38,0.364,1.35,1.95,0.69,0.62,0.07
201959,Taj Gibson,1610612764,WAS,F,38.0,45,37,0.429,1.38,1.93,0.713,0.649,0.064
1631323,Simone Fontecchio,1610612762,UTA,F,27.0,45,36,0.384,1.33,1.91,0.698,0.629,0.068
202693,Markieff Morris,1610612742,DAL,F,33.0,35,29,0.435,1.2,1.91,0.627,0.625,0.002
1631102,TyTy Washington Jr.,1610612745,HOU,G,21.0,30,22,0.361,1.33,1.9,0.702,0.611,0.091
1628995,Kevin Knox II,1610612757,POR,F,23.0,59,42,0.34,1.19,1.9,0.625,0.629,-0.004
1628962,Udoka Azubuike,1610612762,UTA,C-F,23.0,34,20,0.323,1.09,1.88,0.578,0.651,-0.073
203585,Rodney McGruder,1610612765,DET,G,31.0,30,21,0.311,1.4,1.87,0.75,0.641,0.109
1626224,Cedi Osman,1610612739,CLE,F,28.0,76,62,0.334,1.2,1.87,0.641,0.618,0.022
1629637,Jaxson Hayes,1610612740,NOP,C-F,23.0,42,30,0.31,1.17,1.86,0.628,0.636,-0.008
1628988,Aaron Holiday,1610612737,ATL,G,26.0,60,47,0.333,1.32,1.85,0.712,0.622,0.09
1627788,Furkan Korkmaz,1610612755,PHI,G-F,25.0,26,20,0.44,1.23,1.85,0.667,0.605,0.061
1629130,Duncan Robinson,1610612748,MIA,F,29.0,41,32,0.342,1.24,1.83,0.68,0.631,0.049
202083,Wesley Matthews,1610612749,MIL,G,36.0,50,40,0.311,1.28,1.82,0.703,0.643,0.06
1631197,Jared Rhoden,1610612765,DET,G,23.0,11,9,0.357,0.73,1.82,0.4,0.584,-0.184
1631123,Jamaree Bouyea,1610612764,WAS,G,24.0,5,4,0.391,1.6,1.8,0.889,0.615,0.274
1629599,Amir Coffey,1610612746,LAC,G-F,26.0,39,31,0.363,1.21,1.79,0.671,0.624,0.047
203648,Thanasis Antetokounmpo,1610612749,MIL,F,30.0,22,16,0.424,1.18,1.77,0.667,0.628,0.039
203458,Alex Len,1610612758,SAC,C,30.0,21,15,0.378,0.9,1.76,0.514,0.664,-0.15
1630202,Payton Pritchard,1610612738,BOS,G,25.0,42,30,0.319,1.12,1.76,0.635,0.61,0.025
1630346,Matt Ryan,1610612750,MIN,F,26.0,29,24,0.362,1.03,1.76,0.588,0.614,-0.026
1630639,A.J. Lawson,1610612742,DAL,G,22.0,8,5,0.359,1.38,1.75,0.786,0.631,0.155
1626163,Frank Kaminsky,1610612745,HOU,F-C,30.0,32,27,0.459,1.22,1.75,0.696,0.651,0.045
1631260,AJ Green,1610612749,MIL,G,23.0,27,21,0.333,1.11,1.74,0.638,0.635,0.003
201565,Derrick Rose,1610612752,NYK,G,34.0,27,21,0.343,0.96,1.74,0.553,0.61,-0.056
1630209,Omer Yurtseven,1610612748,MIA,C,25.0,7,5,0.333,1.0,1.71,0.583,0.651,-0.068
1630201,Malachi Flynn,1610612761,TOR,G,25.0,48,36,0.323,1.15,1.71,0.671,0.63,0.041
1626158,Richaun Holmes,1610612758,SAC,F,29.0,38,26,0.424,1.03,1.68,0.609,0.643,-0.033
1631169,Josh Minott,1610612750,MIN,F,20.0,12,7,0.455,0.75,1.67,0.45,0.571,-0.121
201609,Goran Dragic,1610612749,MIL,G,37.0,58,46,0.372,1.09,1.67,0.649,0.616,0.034
1630215,Jared Butler,1610612760,OKC,G,22.0,3,2,0.25,1.0,1.67,0.6,0.625,-0.025
1630284,Kevon Harris,1610612753,ORL,G,26.0,32,27,0.317,1.03,1.66,0.623,0.636,-0.013
1630167,Obi Toppin,1610612752,NYK,F,25.0,66,46,0.322,1.02,1.65,0.615,0.634,-0.02
1631116,Patrick Baldwin Jr.,1610612744,GSW,F,20.0,25,23,0.488,1.2,1.64,0.732,0.628,0.103
203943,Noah Vonleh,1610612738,BOS,F,27.0,19,13,0.36,0.89,1.63,0.548,0.645,-0.096
1628410,Edmond Sumner,1610612751,BKN,G,27.0,50,41,0.368,1.1,1.62,0.679,0.637,0.042
1630548,Johnny Juzang,1610612762,UTA,G,22.0,18,16,0.349,1.06,1.61,0.655,0.637,0.018
201980,Danny Green,1610612739,CLE,G,36.0,10,6,0.308,1.3,1.6,0.813,0.636,0.176
1629678,Admiral Schofield,1610612753,ORL,F,26.0,35,26,0.324,1.06,1.6,0.661,0.635,0.026
1630688,Ish Wainright,1610612756,PHX,F,28.0,54,41,0.344,0.98,1.59,0.616,0.627,-0.011
1631288,Jamal Cain,1610612748,MIA,F,24.0,17,11,0.267,1.24,1.59,0.778,0.613,0.164
1630625,Dalano Banton,1610612761,TOR,F,23.0,28,22,0.379,1.0,1.57,0.636,0.644,-0.008
1628408,PJ Dozier,1610612758,SAC,G-F,26.0,9,5,0.5,0.44,1.56,0.286,0.66,-0.374
1631205,Buddy Boeheim,1610612765,DET,F,23.0,9,8,0.35,1.33,1.56,0.857,0.658,0.199
201988,Patty Mills,1610612751,BKN,G,34.0,39,28,0.351,1.1,1.51,0.729,0.633,0.096
1629714,Jarrell Brantley,1610612762,UTA,F,27.0,4,2,0.375,0.25,1.5,0.167,0.648,-0.481
1631112,Kendall Brown,1610612754,IND,G,20.0,4,3,0.3,1.25,1.5,0.833,0.621,0.212
1630644,Mac McClung,1610612755,PHI,G,24.0,2,2,0.333,1.0,1.5,0.667,0.629,0.037
1631254,Kenneth Lofton Jr.,1610612763,MEM,F,20.0,18,12,0.435,1.06,1.5,0.704,0.612,0.092
202066,Garrett Temple,1610612740,NOP,G-F,37.0,21,16,0.517,0.86,1.48,0.581,0.621,-0.04
1629726,Garrison Mathews,1610612737,ATL,G,26.0,52,38,0.291,1.08,1.48,0.727,0.634,0.093
1629644,KZ Okpala,1610612758,SAC,F-G,24.0,30,16,0.349,0.77,1.47,0.523,0.631,-0.108
203920,Khem Birch,1610612759,SAS,C,30.0,19,15,0.322,1.0,1.47,0.679,0.632,0.046
1631246,Vince Williams Jr.,1610612763,MEM,G,22.0,11,6,0.432,0.82,1.45,0.563,0.634,-0.071
202397,Ish Smith,1610612743,DEN,G,34.0,33,26,0.331,1.12,1.45,0.771,0.614,0.157
1627853,Ryan Arcidiacono,1610612757,POR,G,29.0,14,6,0.328,0.79,1.43,0.55,0.611,-0.061
1630288,Jeff Dowtin Jr.,1610612761,TOR,G,26.0,21,14,0.357,0.86,1.43,0.6,0.642,-0.042
203526,Raul Neto,1610612739,CLE,G,31.0,43,30,0.299,0.86,1.42,0.607,0.608,-0.001
1631111,Wendell Moore Jr.,1610612750,MIN,G,21.0,22,16,0.544,1.0,1.41,0.71,0.612,0.098
1630184,Kira Lewis Jr.,1610612740,NOP,G,22.0,22,17,0.397,0.95,1.41,0.677,0.658,0.019
1630233,Nathan Knight,1610612750,MIN,F-C,25.0,32,20,0.321,0.78,1.38,0.568,0.639,-0.071
1631165,Keon Ellis,1610612758,SAC,G,23.0,8,7,0.579,0.75,1.38,0.545,0.638,-0.093
203487,Michael Carter-Williams,1610612753,ORL,G,31.0,3,3,0.364,1.33,1.33,1.0,0.533,0.467
1630243,Trevelin Queen,1610612754,IND,G,26.0,6,4,0.444,0.83,1.33,0.625,0.616,0.009
1630678,Terry Taylor,1610612741,CHI,F,23.0,21,13,0.315,0.86,1.33,0.643,0.638,0.005
1630600,Isaiah Mobley,1610612739,CLE,F,23.0,9,5,0.343,0.78,1.33,0.583,0.671,-0.087
1631113,Kennedy Chandler,1610612763,MEM,G,20.0,26,21,0.355,0.92,1.27,0.727,0.599,0.128
1628371,Jonathan Isaac,1610612753,ORL,F,25.0,11,7,0.378,0.82,1.27,0.643,0.617,0.026
1628993,Alize Johnson,1610612759,SAS,F,27.0,4,3,0.455,0.0,1.25,0.0,0.545,-0.545
1629875,Xavier Moon,1610612746,LAC,G,28.0,4,3,0.5,1.0,1.25,0.8,0.614,0.186
1630241,Sam Merrill,1610612739,CLE,G,27.0,4,4,0.385,0.75,1.25,0.6,0.599,0.001
1628432,Davon Reed,1610612747,LAL,G,28.0,35,28,0.331,0.8,1.2,0.667,0.599,0.068
1631160,Jordan Hall,1610612759,SAS,G,21.0,8,6,0.3,1.13,1.13,1.0,0.594,0.406
1630531,Jaden Springer,1610612755,PHI,G,20.0,11,6,0.4,0.64,1.09,0.583,0.635,-0.051
1630554,Jason Preston,1610612746,LAC,G,23.0,11,7,0.364,0.73,1.09,0.667,0.643,0.023
1627854,Bryn Forbes,1610612750,MIN,G,29.0,24,17,0.299,0.67,1.08,0.615,0.619,-0.003
1631320,Chima Moneke,1610612758,SAC,F,27.0,1,1,0.25,1.0,1.0,1.0,0.754,0.246
1628424,Kobi Simmons,1610612766,CHA,G,25.0,5,4,0.417,0.6,1.0,0.6,0.552,0.048
1630590,Scotty Pippen Jr.,1610612747,LAL,G,22.0,5,3,0.417,0.4,1.0,0.4,0.482,-0.082
1626246,Boban Marjanović,1610612745,HOU,C,34.0,27,15,0.333,0.67,1.0,0.667,0.651,0.016
1631199,Ron Harper Jr.,1610612761,TOR,F,23.0,6,4,0.545,0.5,1.0,0.5,0.574,-0.074
1628435,Chance Comanche,1610612757,POR,C,27.0,1,1,0.2,1.0,1.0,1.0,0.692,0.308
1630249,Vít Krejčí,1610612737,ATL,G,23.0,20,11,0.333,0.55,1.0,0.55,0.59,-0.04
1630250,Marko Simonovic,1610612741,CHI,C,23.0,3,3,0.6,0.67,1.0,0.667,0.607,0.06
1629662,Mfiondu Kabengele,1610612738,BOS,C,25.0,4,3,0.364,0.75,1.0,0.75,0.655,0.095
1628382,Justin Jackson,1610612738,BOS,F,28.0,13,9,0.325,0.38,1.0,0.385,0.598,-0.213
1631306,Cole Swider,1610612747,LAL,F,24.0,5,3,0.238,1.0,1.0,1.0,0.618,0.382
1631309,Trevor Hudgins,1610612745,HOU,G,24.0,3,2,0.429,0.67,1.0,0.667,0.581,0.086
1631207,Dalen Terry,1610612741,CHI,F,20.0,26,14,0.329,0.65,1.0,0.654,0.65,0.004
1628416,Tyler Dorsey,1610612742,DAL,G,27.0,2,1,0.667,1.0,1.0,1.0,0.596,0.404
1629126,Deonte Burton,1610612758,SAC,G-F,29.0,1,1,1.0,1.0,1.0,1.0,0.592,0.408
203521,Matthew Dellavedova,1610612758,SAC,G,32.0,22,11,0.241,0.59,0.91,0.65,0.617,0.033
1631298,Jack White,1610612743,DEN,F,25.0,11,7,0.417,0.45,0.91,0.5,0.693,-0.193
1628396,Tony Bradley,1610612741,CHI,C-F,25.0,11,9,0.5,0.64,0.91,0.7,0.659,0.041
1631120,JD Davison,1610612738,BOS,G,20.0,7,2,0.261,0.57,0.86,0.667,0.649,0.017
201949,James Johnson,1610612754,IND,F,36.0,16,9,0.224,0.63,0.81,0.769,0.651,0.119
1631213,Tyrese Martin,1610612737,ATL,G,24.0,10,5,0.4,0.6,0.8,0.75,0.663,0.087
1629653,Devon Dotson,1610612764,WAS,G,23.0,4,2,0.2,0.75,0.75,1.0,0.631,0.369
1631157,Ryan Rollins,1610612744,GSW,G,20.0,7,4,0.238,0.57,0.71,0.8,0.559,0.241
1630195,Leandro Bolmaro,1610612762,UTA,F,22.0,10,6,0.259,0.3,0.7,0.429,0.62,-0.191
1630535,Greg Brown III,1610612757,POR,F,21.0,10,5,0.318,0.2,0.7,0.286,0.611,-0.326
1630551,Justin Champagnie,1610612738,BOS,G-F,22.0,3,2,0.286,0.67,0.67,1.0,0.703,0.297
1630620,Darius Days,1610612745,HOU,F,23.0,3,1,0.333,0.33,0.67,0.5,0.576,-0.076
1631311,Lester Quinones,1610612744,GSW,G,22.0,3,2,0.286,0.33,0.67,0.5,0.523,-0.023
1630176,Vernon Carey Jr.,1610612762,UTA,C,22.0,6,3,0.375,0.0,0.5,0.0,0.53,-0.53
1629685,Dylan Windler,1610612739,CLE,G-F,26.0,2,1,0.2,0.5,0.5,1.0,0.561,0.439
1630267,Facundo Campazzo,1610612742,DAL,G,32.0,5,2,0.143,0.4,0.4,1.0,0.586,0.414
1631220,Dereon Seabron,1610612740,NOP,G,23.0,5,2,0.286,0.2,0.4,0.5,0.68,-0.18
1630580,Joe Wieskamp,1610612761,TOR,G-F,23.0,8,2,0.158,0.0,0.38,0.0,0.701,-0.701
1628425,Sterling Brown,1610612747,LAL,G-F,28.0,4,1,0.125,0.0,0.25,0.0,0.619,-0.619
